0.237239
0.224896
0.214146
0.204773
0.196589
0.189432
0.183163
0.177661
0.172824
0.168561
0.164796
0.161463
0.158503
0.155867
0.153513
0.151404
0.149508
0.147798
0.146249
0.144842
0.143558
0.142382
0.141302
0.140305
0.139382
0.138523
0.137722
0.136973
0.136268
0.135605
0.134977
0.134383
0.133817
0.133278
0.132764
0.132271
0.131798
0.131344
0.130907
0.130485
0.130078
0.129684
0.129303
0.128934
0.128575
0.128227
0.127889
0.12756
0.12724
0.126929
0.126625
0.126329
0.12604
0.125759
0.125484
0.125215
0.124953
0.124696
0.124445
0.1242
0.12396
0.123726
0.123496
0.123271
0.123051
0.122835
0.122624
0.122417
0.122214
0.122015
0.12182
0.121629
0.121441
0.121257
0.121076
0.120899
0.120725
0.120554
0.120387
0.120222
0.12006
0.119901
0.119745
0.119591
0.11944
0.119292
0.119146
0.119002
0.118861
0.118722
0.118585
0.11845
0.118318
0.118187
0.118059
0.117932
0.117807
0.117684
0.117563
0.117444
0.117326
0.11721
0.117096
0.116983
0.116872
0.116762
0.116654
0.116547
0.116441
0.116337
0.116234
0.116133
0.116032
0.115933
0.115835
0.115739
0.115643
0.115548
0.115455
0.115363
0.115271
0.115181
0.115092
0.115003
0.114916
0.114829
0.114744
0.114659
0.114575
0.114492
0.11441
0.114328
0.114248
0.114168
0.114089
0.11401
0.113933
0.113856
0.113779
0.113704
0.113629
0.113555
0.113481
0.113408
0.113335
0.113264
0.113192
0.113122
0.113051
0.112982
0.112913
0.112844
0.112776
0.112709
0.112642
0.112575
0.112509
0.112444
0.112379
0.112314
0.11225
0.112186
0.112123
0.11206
0.111998
0.111936
0.111874
0.111813
0.111752
0.111692
0.111632
0.111572
0.111513
0.111454
0.111395
0.111337
0.111279
0.111221
0.111164
0.111107
0.111051
0.110994
0.110938
0.110883
0.110827
0.110772
0.110718
0.110663
0.110609
0.110555
0.110502
0.110448
0.110395
0.110343
0.11029
0.110238
0.110186
0.110134
0.110083
0.110032
0.109981
0.10993
0.10988
0.10983
0.10978
0.10973
0.109681
0.109631
0.109582
0.109534
0.109485
0.109437
0.109389
0.109341
0.109293
0.109246
0.109199
0.109152
0.109105
0.109058
0.109012
0.108966
0.10892
0.108874
0.108828
0.108783
0.108738
0.108693
0.108648
0.108603
0.108559
0.108515
0.108471
0.108427
0.108383
0.10834
0.108296
0.108253
0.10821
0.108168
0.108125
0.108083
0.10804
0.107998
0.107956
0.107915
0.107873
0.107832
0.10779
0.107749
0.107708
0.107668
0.107627
0.107587
0.107546
0.107506
0.107466
0.107427
0.107387
0.107347
0.107308
0.107269
0.10723
0.107191
0.107152
0.107114
0.107075
0.107037
0.106999
0.106961
0.106923
0.106886
0.106848
0.106811
0.106773
0.106736
0.106699
0.106663
0.106626
0.106589
0.106553
0.106517
0.10648
0.106445
0.106409
0.106373
0.106337
0.106302
0.106267
0.106231
0.106196
0.106161
0.106127
0.106092
0.106057
0.106023
0.105989
0.105955
0.105921
0.105887
