0.155568
0.136762
0.129636
0.125229
0.122035
0.119617
0.117686
0.116137
0.114835
0.113713
0.112712
0.111817
0.111008
0.110257
0.109536
0.10888
0.108258
0.107668
0.107119
0.106592
0.106095
0.105624
0.105173
0.104747
0.104343
0.103961
0.1036
0.103251
0.102919
0.102605
0.102307
0.102024
0.101753
0.101496
0.101253
0.101021
0.1008
0.100606
0.100392
0.100204
0.100023
0.0998541
0.0996921
0.0995351
0.0993902
0.099249
0.0991159
0.0989953
0.09887
0.0987591
0.098651
0.0985467
0.0984697
0.0983569
0.0982761
0.0981901
0.0981048
0.09803
0.0979547
0.097883
0.0978222
0.0977569
0.0976973
0.0976421
0.0975865
0.097536
0.0974881
0.0974473
0.0974006
0.097359
0.0973361
0.0972799
0.0972485
0.0972104
0.0971778
0.0971507
0.097137
0.0971029
0.0970641
0.0970389
0.0970187
0.0969942
0.0969717
0.0969547
0.0969354
0.0969154
0.0968974
0.096892
0.096863
0.0968468
0.0968427
0.0968185
0.0968075
0.0967967
0.0967814
0.0967706
0.0967599
0.0967502
0.0967489
0.0967365
0.0967228
0.0967245
0.0967063
0.0966992
0.0966942
0.096686
0.0966826
0.0966728
0.096667
0.096677
0.096658
0.0966522
0.0966635
0.0966455
0.0966442
0.0966342
0.0966304
0.0966259
0.096623
0.0966204
0.0966212
0.0966167
0.0966105
0.0966167
0.0966297
0.0966026
0.0966086
0.096599
0.0965972
0.0965941
0.0965938
0.0965914
0.0965887
0.0965957
0.0965852
0.0965836
0.0965823
0.0965882
0.0965849
0.0965798
0.0966142
0.0965762
0.0965753
0.0965809
0.096575
0.0965747
0.0965751
0.0965721
0.0965706
0.0965774
0.0965701
0.0965678
0.0965722
0.096568
0.0965703
0.0965655
0.0965688
0.0965649
0.0965641
0.0965649
0.0965647
0.0965634
0.096563
0.0965652
0.0965625
0.0965621
0.0965642
0.0965714
0.096561
0.0965605
0.0965609
0.0965637
0.0965599
0.09656
0.0965607
0.0965608
0.0965689
0.0965594
0.0965679
0.0965607
0.0965591
0.0965629
0.0965593
0.0965584
0.0965583
0.0965596
0.0965582
0.0965573
0.0965577
0.096562
0.0965578
0.0965624
0.0965572
0.0965643
0.0965632
0.0965612
0.0965576
0.0965567
0.0965584
0.09656
0.0965564
0.0965599
0.0965562
0.0965561
0.0965587
0.0965564
0.0965572
0.0965594
0.0965562
0.0965591
0.0965573
0.0965596
0.0965559
0.0965557
0.0965562
0.0965562
0.0965566
0.0965559
0.0965634
0.0965571
0.09656
0.0965564
0.0965582
0.0965576
0.0965597
0.0965578
0.0965555
0.096556
0.0965563
0.0965558
0.0965557
0.0965581
0.0965695
0.0965558
0.0965554
0.0965556
0.096556
0.0965573
0.0965567
0.0965565
0.0965607
0.0965558
0.0965609
0.0965616
0.0965574
0.0965656
0.0965553
0.0965574
0.0965598
0.0965578
0.0965569
0.0965575
0.0965565
0.0965634
0.0965625
0.0965605
0.096562
0.0965557
0.0965561
0.0965614
0.0965553
0.0965592
0.0965667
0.0965568
0.0965566
0.0965557
0.0965582
0.0965552
0.0965597
0.096557
0.0965688
0.0965621
0.0965592
0.0965576
0.0965568
0.0965575
0.0965558
0.0965591
0.0965644
0.0965553
0.0965553
0.0965606
0.0965559
0.0965716
0.0965559
0.0965613
0.0965655
0.0965749
0.0965602
0.0965643
0.0965553
0.0965554
0.0965559
0.0965643
0.0965552
0.0965575
0.0965652
0.0965658
0.096557
0.0965552
