0.122051
0.113986
0.109689
0.106761
0.104333
0.102766
0.101251
0.100259
0.0994905
0.0987791
0.0982964
0.0980701
0.0975944
0.0973993
0.0972537
0.0971323
0.0970874
0.0968866
0.0971491
0.0967373
0.0969272
0.096759
0.0968341
0.0969534
0.0966106
0.0972177
0.0966403
0.0966301
0.0968312
0.0967527
0.0965786
0.0968325
0.0966174
0.0965758
0.0965886
0.0965678
0.0966726
0.0967114
0.097187
0.0966495
0.0968385
0.0967793
0.0965896
0.0966877
0.0966109
0.0965672
0.0965619
0.0966213
0.0967176
0.0966506
0.0967251
0.0965675
0.0965605
0.0966934
0.0968786
0.0970418
0.0966505
0.0966078
0.0965934
0.0967464
0.0965869
0.0967614
0.09657
0.0969596
0.0965699
0.0966098
0.0968567
0.0971925
0.0966055
0.0965915
0.0965637
0.0965748
0.0966026
0.0965644
0.0969645
0.0968721
0.0970407
0.0966839
0.0967318
0.0965752
0.0966983
0.0965644
0.0966248
0.0965687
0.096565
0.0967422
0.0966391
0.0965978
0.09656
0.0965749
0.0965756
0.096828
0.0965866
0.0967409
0.0965627
0.0965772
0.096562
0.0965739
0.0966334
0.096571
0.0965854
0.0970814
0.0965756
0.0967989
0.0965975
0.0965818
0.0966473
0.0967362
0.0966818
0.0968262
0.0965679
0.0965666
0.0966586
0.0967435
0.0965644
0.0966623
0.0976204
0.0966138
0.0967142
0.0965919
0.0965886
0.0967159
0.0965658
0.0968538
0.0966413
0.0965667
0.0965844
0.0966351
0.0969329
0.0966037
0.0967003
0.0967863
0.097455
0.0970675
0.096603
0.096568
0.0965873
0.0968076
0.0965788
0.0966802
0.097201
0.0966473
0.0969225
0.09658
0.096564
0.0968643
0.0966045
0.0965804
0.0972148
0.0967089
0.0966014
0.0965968
0.096789
0.0966356
0.097398
0.0965799
0.0966337
0.0966972
0.0967449
0.0967256
0.0965967
0.0968037
0.0966107
0.0967636
0.0965736
0.096734
0.0970318
0.096566
0.0965654
0.0966972
0.0966326
0.0965642
0.0966013
0.0968052
0.0970085
0.0976369
0.0970746
0.0965716
0.0966593
0.0967242
0.0965964
0.0965609
0.0966345
0.0966073
0.0966263
0.0966461
0.096666
0.0977896
0.0970727
0.0966097
0.0965635
0.096564
0.096565
0.0965809
0.0965622
0.0969398
0.0967328
0.0967648
0.0971606
0.0966067
0.096711
0.0965859
0.0969867
0.0965684
0.0967919
0.0972256
0.0965711
0.0965983
0.0966125
0.0965684
0.0971786
0.096586
0.0965882
0.0965664
0.0965856
0.0973278
0.0966837
0.0970559
0.0968532
0.0965805
0.0965829
0.0966591
0.0966041
0.0966569
0.0965967
0.0966744
0.0965794
0.0975811
0.0966429
0.0965913
0.0965915
0.0965787
0.0965869
0.0965714
0.0966267
0.0967693
0.0965924
0.0968285
0.0965891
0.0968055
0.0965796
0.0965814
0.0967347
0.096569
0.0971651
0.0965761
0.0966594
0.0971751
0.0968473
0.0965673
0.0967284
0.0971338
0.0965852
0.0966452
0.096599
0.0967175
0.0965728
0.0967373
0.096564
0.0969749
0.0969625
0.0965647
0.0966495
0.0965593
0.0966079
0.0965946
0.0969302
0.0967991
0.096713
0.0966405
0.096869
0.0965683
0.0966212
0.0967456
0.0968892
0.096562
0.0965699
0.0965596
0.0974209
0.0968731
0.09656
0.0965623
0.0965687
0.0965921
0.096777
0.0965684
0.0968434
0.0969813
0.096572
0.0965973
0.0968843
0.0966971
0.0967439
0.096584
0.0966676
0.0972161
0.0970185
0.0967452
0.0966135
0.0966674
