0.183135
0.15583
0.14343
0.136923
0.13276
0.129674
0.127236
0.125211
0.123498
0.122024
0.120728
0.119591
0.118585
0.117688
0.11688
0.116135
0.115457
0.114835
0.114249
0.113704
0.113193
0.11271
0.112251
0.111814
0.111396
0.110995
0.110609
0.110238
0.10988
0.109534
0.109198
0.108874
0.108558
0.108253
0.107956
0.107668
0.107386
0.107113
0.106848
0.106589
0.106338
0.106092
0.105853
0.10562
0.105393
0.105173
0.104957
0.104747
0.104543
0.104344
0.104149
0.103961
0.103774
0.103593
0.103417
0.103246
0.103079
0.102917
0.102757
0.102604
0.102451
0.102305
0.102163
0.102024
0.101885
0.101753
0.101622
0.101496
0.101372
0.101252
0.101136
0.101021
0.100909
0.1008
0.100694
0.100591
0.10049
0.100393
0.100296
0.100206
0.100113
0.100023
0.0999372
0.0998524
0.0997708
0.0996919
0.0996123
0.0995368
0.0994616
0.0993887
0.0993199
0.099249
0.0991818
0.0991163
0.0990524
0.09899
0.0989295
0.09887
0.0988131
0.098756
0.0987021
0.0986479
0.0985955
0.0985457
0.0984949
0.0984474
0.0983991
0.0983537
0.098309
0.0982646
0.0982223
0.0981803
0.0981403
0.0981004
0.098063
0.0980253
0.0979877
0.0979526
0.0979193
0.0978835
0.0978503
0.0978188
0.0977865
0.0977558
0.0977252
0.0976973
0.0976675
0.0976408
0.0976128
0.0975864
0.0975606
0.0975361
0.0975113
0.0974883
0.0974643
0.0974412
0.0974196
0.0973976
0.0973767
0.0973561
0.0973361
0.0973174
0.0973038
0.0972826
0.0972674
0.0972473
0.0972285
0.0972095
0.0971937
0.0971773
0.0971624
0.0971468
0.097132
0.0971179
0.0971044
0.0970898
0.0970765
0.0970645
0.0970513
0.0970387
0.0970263
0.0970145
0.0970031
0.0969919
0.0969816
0.0969717
0.0969604
0.0969501
0.0969402
0.0969308
0.0969213
0.0969129
0.0969031
0.0968945
0.0968861
0.0968777
0.0968699
0.0968619
0.0968543
0.0968469
0.0968402
0.0968327
0.0968255
0.0968187
0.0968123
0.0968057
0.0967995
0.0967933
0.0967874
0.0967816
0.0967759
0.0967712
0.0967663
0.0967604
0.0967548
0.0967499
0.0967452
0.0967401
0.0967355
0.0967326
0.0967268
0.0967226
0.0967182
0.0967141
0.0967102
0.0967069
0.0967025
0.0966989
0.0966953
0.0966919
0.0966884
0.0966851
0.0966818
0.0966806
0.0966759
0.0966727
0.0966697
0.0966668
0.0966648
0.0966613
0.0966588
0.0966561
0.0966541
0.0966525
0.096649
0.0966463
0.0966449
0.0966422
0.09664
0.0966384
0.0966375
0.096634
0.0966321
0.0966301
0.0966283
0.0966267
0.0966244
0.096623
0.0966213
0.0966192
0.0966188
0.0966166
0.0966145
0.0966132
0.0966118
0.0966102
0.0966089
0.0966075
0.0966062
0.0966049
0.0966036
0.0966024
0.0966023
0.0966011
0.0966008
0.0965983
0.0965977
0.0965958
0.0965948
0.0965938
0.096593
0.0965923
0.0965909
0.0965918
0.0965893
0.0965888
0.096588
0.0965868
0.0965859
0.0965862
0.096585
0.0965836
0.0965832
0.0965826
0.0965821
0.0965826
0.096581
0.0965797
0.0965791
0.0965797
0.0965788
0.0965773
0.0965767
0.0965768
0.0965757
0.0965752
0.0965748
0.0965744
0.0965738
0.0965733
0.0965728
0.0965725
0.0965725
0.0965719
0.0965711
0.0965714
0.0965705
0.0965706
0.0965697
0.0965692
