0.154913
0.136931
0.129703
0.125238
0.12201
0.119592
0.117688
0.116133
0.114831
0.113702
0.11271
0.111811
0.111
0.110236
0.109531
0.108871
0.108255
0.107665
0.107113
0.106587
0.106097
0.105619
0.105174
0.104745
0.104344
0.103956
0.103591
0.103246
0.102919
0.102601
0.102303
0.102021
0.10175
0.101494
0.101253
0.101022
0.100799
0.100592
0.100391
0.100201
0.100022
0.0998554
0.0996908
0.0995391
0.0994071
0.0992478
0.0991156
0.0989905
0.0988714
0.0987585
0.0986462
0.0985431
0.0984558
0.0983573
0.0982822
0.0981871
0.0981091
0.098026
0.0979591
0.0978828
0.0978361
0.0977546
0.0976962
0.0976409
0.0975867
0.0975388
0.0975015
0.0974409
0.0974
0.0973584
0.0973166
0.097279
0.0972432
0.0972098
0.0971788
0.0971523
0.0971188
0.0970955
0.0970659
0.0970382
0.097017
0.0969938
0.0969711
0.0969628
0.0969306
0.0969118
0.0968964
0.0968785
0.0968635
0.0968474
0.0968359
0.0968208
0.0968086
0.0968096
0.0967823
0.0967712
0.0967628
0.0967597
0.0967433
0.0967311
0.0967246
0.0967139
0.0967075
0.0967004
0.0966942
0.0966865
0.0966786
0.0966791
0.0966666
0.0966745
0.0966578
0.0966533
0.0966462
0.0966424
0.0966374
0.0966342
0.0966295
0.096637
0.0966228
0.0966213
0.0966159
0.0966131
0.0966154
0.0966074
0.0966047
0.0966097
0.0966004
0.0966098
0.0965963
0.0965937
0.0965973
0.0966004
0.0966035
0.0965917
0.0965873
0.096587
0.0965864
0.0965845
0.096581
0.0965794
0.0965782
0.0965761
0.0965782
0.0965836
0.0965732
0.096588
0.0965738
0.0965721
0.0965699
0.0965692
0.096572
0.0965681
0.0965733
0.0965909
0.0965661
0.0965706
0.0965674
0.0965647
0.096564
0.0965677
0.096593
0.0965629
0.0965646
0.0965644
0.0965722
0.096563
0.0965611
0.0965705
0.0965609
0.0965642
0.0965619
0.0965655
0.0965619
0.0965821
0.0965665
0.0965599
0.0965652
0.0965594
0.0965617
0.0965725
0.0965728
0.0965702
0.0965665
0.0965643
0.0965576
0.0965575
0.0965656
0.096561
0.0965662
0.0965621
0.0965677
0.0965652
0.0965658
0.0965573
0.0965574
0.0965624
0.0965566
0.0965678
0.0965824
0.0965747
0.0965563
0.0965576
0.0965565
0.0965562
0.0965561
0.0965567
0.0965615
0.096556
0.0965584
0.0965561
0.0965573
0.0965563
0.0965605
0.0965752
0.0965666
0.0965654
0.0965621
0.0965759
0.0965627
0.0965723
0.0965558
0.0965558
0.0965561
0.0965557
0.0965608
0.0965571
0.0965564
0.0965558
0.0965585
0.0965597
0.0965554
0.0965817
0.0965639
0.0965556
0.0965641
0.0965561
0.0965555
0.0965602
0.0965576
0.0965574
0.0965553
0.0965598
0.096556
0.0965554
0.0965577
0.0965655
0.0965583
0.0965568
0.0965629
0.0965556
0.0965568
0.0965553
0.0965658
0.0965554
0.0965571
0.096556
0.0965574
0.0965553
0.0965554
0.0965554
0.0965618
0.0965554
0.096556
0.0965566
0.0965608
0.0965569
0.0965556
0.0965558
0.0965618
0.0965855
0.0965696
0.0965619
0.0965605
0.0965552
0.0965646
0.0965598
0.0965609
0.0965567
0.096558
0.0965679
0.0965592
0.0965552
0.0965663
0.096556
0.0965574
0.0965555
0.0965574
0.096556
0.096564
0.0965593
0.0965557
0.0965573
0.0965555
0.0965553
0.0965579
0.0965585
0.0965556
0.0965572
0.0965553
0.0965598
