1.23486010485
1.23486010485
1.23486010485
1.23486010485
1.23486010485
1.23486010485
1.23486010485
1.23486010485
1.23486010485
1.23486010485
1.23486010485
1.23486010485
1.23486010485
1.23486010485
1.23486010485
1.23486010485
1.23486010485
1.23486010485
1.23486010485
1.23486010485
1.23486010485
1.23486010485
1.23486010485
1.23486010485
1.23486010485
1.23486010485
1.23486010485
1.23486010485
1.23486010485
1.23486010485
1.23486010485
1.23486010485
1.23486010485
1.23486010485
1.23486010485
1.23486010485
1.23486010485
1.23486010485
1.23486010485
1.23486010485
1.23486010485
1.23486010485
1.23486010485
1.23486010485
1.23486010485
1.23486010485
1.23486010485
1.23486010485
1.23486010485
1.23486010485
1.23486010485
1.23486010485
1.23486010485
1.23486010485
1.23486010485
1.23486010485
1.23486010485
1.23486010485
1.23486010485
1.23486010485
1.23486010485
1.23486010485
1.23486010485
1.23486010485
1.23486010485
1.23486010485
1.23486010485
1.23486010485
1.23486010485
1.23486010485
1.23486010485
1.23486010485
1.23486010485
1.23486010485
1.23486010485
1.23486010485
1.23486010485
1.23486010485
1.23486010485
1.23486010485
1.23486010485
1.23486010485
1.23486010485
1.23486010485
1.23486010485
1.23486010485
1.23486010485
1.23486010485
1.23486010485
1.23486010485
1.23486010485
1.23486010485
1.23486010485
1.23486010485
1.23486010485
1.86914916519
1.86914916519
1.86914916519
1.86914916519
1.86914916519
1.86914916519
1.86914916519
1.86914916519
1.86914916519
1.86914916519
1.86914916519
1.86914916519
1.86914916519
0.512415355879
0.512415355879
0.512415355879
0.512415355879
0.512415355879
0.512415355879
0.512415355879
0.512415355879
0.512415355879
0.512415355879
0.512415355879
0.512415355879
0.892251201877
0.892251201877
0.892251201877
0.892251201877
0.892251201877
0.892251201877
0.892251201877
0.892251201877
0.892251201877
0.892251201877
0.892251201877
0.892251201877
0.892251201877
2.09564092479
2.09564092479
2.09564092479
2.09564092479
2.09564092479
2.09564092479
2.09564092479
2.09564092479
2.09564092479
2.09564092479
2.09564092479
2.09564092479
0.930533856987
0.930533856987
0.930533856987
0.930533856987
0.930533856987
0.930533856987
0.930533856987
0.930533856987
1.11451391106
1.11451391106
1.11451391106
1.11451391106
1.11451391106
1.11451391106
1.11451391106
1.11451391106
1.27492493763
1.27492493763
1.27492493763
1.27492493763
1.27492493763
1.27492493763
1.27492493763
1.27492493763
1.27492493763
1.27492493763
1.27492493763
1.27492493763
1.27492493763
1.27492493763
1.27492493763
1.27492493763
1.27492493763
1.32285323566
1.32285323566
1.32285323566
1.32285323566
1.32285323566
1.32285323566
1.32285323566
1.32285323566
1.32285323566
1.32285323566
1.32285323566
1.32285323566
1.32285323566
1.32285323566
1.32285323566
1.32285323566
1.32285323566
1.32285323566
1.32285323566
1.32285323566
1.32285323566
1.32285323566
1.32285323566
1.32285323566
1.32285323566
1.32285323566
1.32285323566
1.32285323566
1.32285323566
1.07592580602
1.07592580602
1.07592580602
1.07592580602
1.07592580602
1.07592580602
1.07592580602
1.07592580602
1.07592580602
1.07592580602
1.07592580602
1.07592580602
1.07592580602
1.07592580602
1.07592580602
1.07592580602
1.07592580602
1.07592580602
1.07592580602
1.07592580602
1.07592580602
1.35115283669
1.35115283669
1.35115283669
1.35115283669
1.35115283669
1.35115283669
1.35115283669
1.35115283669
1.08408178622
1.08408178622
1.08408178622
1.08408178622
1.08408178622
1.08408178622
1.08408178622
1.08408178622
1.40191477261
1.40191477261
1.40191477261
1.40191477261
1.40191477261
1.40191477261
1.40191477261
1.40191477261
1.40191477261
1.40191477261
1.40191477261
1.40191477261
1.40191477261
1.40191477261
1.40191477261
1.40191477261
1.40191477261
1.40191477261
1.40191477261
1.40191477261
1.40191477261
1.00896502458
1.00896502458
1.00896502458
1.00896502458
1.00896502458
1.00896502458
1.00896502458
1.00896502458
1.00896502458
1.00896502458
1.00896502458
1.00896502458
1.00896502458
1.00896502458
1.00896502458
1.00896502458
1.00896502458
1.00896502458
1.00896502458
1.00896502458
1.00896502458
1.00896502458
1.00896502458
1.00896502458
0.734146565734
0.734146565734
0.734146565734
0.734146565734
0.734146565734
0.734146565734
0.734146565734
0.734146565734
0.734146565734
0.734146565734
0.734146565734
0.734146565734
0.734146565734
1.53250586422
1.53250586422
1.53250586422
1.53250586422
1.53250586422
1.53250586422
1.53250586422
1.53250586422
0.732912124793
0.732912124793
0.732912124793
0.732912124793
0.732912124793
0.732912124793
0.732912124793
0.732912124793
1.33678334973
1.33678334973
1.33678334973
1.33678334973
1.33678334973
1.33678334973
1.33678334973
1.33678334973
1.33678334973
0.521669611103
0.521669611103
0.521669611103
0.521669611103
0.521669611103
0.521669611103
0.521669611103
0.521669611103
1.01987993824
1.01987993824
1.01987993824
1.01987993824
1.01987993824
1.01987993824
1.01987993824
1.01987993824
1.56578834301
1.56578834301
1.56578834301
1.56578834301
1.56578834301
1.56578834301
1.56578834301
1.56578834301
0.0561335201745
0.0561335201745
0.0561335201745
0.0561335201745
0.0561335201745
0.0561335201745
0.0561335201745
0.0561335201745
0.0561335201745
0.283181248129
0.283181248129
0.283181248129
0.283181248129
0.283181248129
0.283181248129
0.283181248129
0.283181248129
0.283181248129
0.283181248129
0.283181248129
0.283181248129
-0.105852171256
-0.105852171256
-0.105852171256
-0.105852171256
-0.105852171256
-0.105852171256
-0.105852171256
-0.105852171256
-0.105852171256
-0.105852171256
-0.105852171256
-0.105852171256
0.607734813482
0.607734813482
0.607734813482
0.607734813482
0.607734813482
0.607734813482
0.607734813482
0.607734813482
0.607734813482
1.22635854509
1.22635854509
1.22635854509
1.22635854509
1.22635854509
1.22635854509
1.22635854509
1.22635854509
1.32647974203
1.32647974203
1.32647974203
1.32647974203
1.32647974203
1.32647974203
1.32647974203
1.32647974203
0.459649764095
0.459649764095
0.459649764095
0.459649764095
0.459649764095
0.459649764095
0.459649764095
0.459649764095
1.01602643625
1.01602643625
1.01602643625
1.01602643625
1.01602643625
1.01602643625
1.01602643625
1.01602643625
1.01602643625
1.4431533563
1.4431533563
1.4431533563
1.4431533563
1.4431533563
1.4431533563
1.4431533563
1.4431533563
1.97339033503
1.97339033503
1.97339033503
1.97339033503
1.97339033503
1.97339033503
1.97339033503
1.97339033503
1.23487503517
1.23487503517
1.23487503517
1.23487503517
1.23487503517
1.23487503517
1.23487503517
1.23487503517
1.49704638499
1.49704638499
1.49704638499
1.49704638499
1.49704638499
1.49704638499
1.49704638499
1.49704638499
1.49704638499
1.49704638499
1.49704638499
1.49704638499
1.49704638499
1.76516612826
1.76516612826
1.76516612826
1.76516612826
1.76516612826
1.76516612826
1.76516612826
1.76516612826
1.76516612826
1.76516612826
1.76516612826
1.76516612826
1.93681610773
1.93681610773
1.93681610773
1.93681610773
1.93681610773
1.93681610773
1.93681610773
1.93681610773
2.08730715475
2.08730715475
2.08730715475
2.08730715475
2.08730715475
2.08730715475
2.08730715475
2.08730715475
2.08730715475
2.65205030887
2.65205030887
2.65205030887
2.65205030887
2.65205030887
2.65205030887
2.65205030887
2.65205030887
2.65205030887
2.65205030887
2.65205030887
2.65205030887
1.76794521891
1.76794521891
1.76794521891
1.76794521891
1.76794521891
1.76794521891
1.76794521891
1.76794521891
1.76794521891
1.76794521891
1.76794521891
1.76794521891
1.76794521891
2.9233091177
2.9233091177
2.9233091177
2.9233091177
2.9233091177
2.9233091177
2.9233091177
2.9233091177
2.59277001281
2.59277001281
2.59277001281
2.59277001281
2.59277001281
2.59277001281
2.59277001281
2.59277001281
4.00252562284
4.00252562284
4.00252562284
4.00252562284
4.00252562284
4.00252562284
4.00252562284
4.00252562284
4.00252562284
4.00252562284
4.00252562284
4.00252562284
3.6982433268
3.6982433268
3.6982433268
3.6982433268
3.6982433268
3.6982433268
3.6982433268
3.6982433268
3.6982433268
3.6982433268
3.6982433268
3.6982433268
3.6982433268
3.6982433268
3.6982433268
3.6982433268
3.6982433268
3.29135576437
3.29135576437
3.29135576437
3.29135576437
3.29135576437
3.29135576437
3.29135576437
3.29135576437
3.29135576437
3.29135576437
3.29135576437
3.29135576437
3.29135576437
3.29135576437
3.29135576437
3.29135576437
4.10531620856
4.10531620856
4.10531620856
4.10531620856
4.10531620856
4.10531620856
4.10531620856
4.10531620856
4.10531620856
4.10531620856
4.10531620856
4.10531620856
4.10531620856
3.7266853101
3.7266853101
3.7266853101
3.7266853101
3.7266853101
3.7266853101
3.7266853101
3.7266853101
4.06066064123
4.06066064123
4.06066064123
4.06066064123
4.06066064123
4.06066064123
4.06066064123
4.06066064123
5.08767844083
5.08767844083
5.08767844083
5.08767844083
5.08767844083
5.08767844083
5.08767844083
5.08767844083
5.08767844083
5.46429629849
5.46429629849
5.46429629849
5.46429629849
5.46429629849
5.46429629849
5.46429629849
5.46429629849
5.60972590729
5.60972590729
5.60972590729
5.60972590729
5.60972590729
5.60972590729
5.60972590729
5.60972590729
5.97750564756
5.97750564756
5.97750564756
5.97750564756
5.97750564756
5.97750564756
5.97750564756
5.97750564756
6.04517628833
6.04517628833
6.04517628833
6.04517628833
6.04517628833
6.04517628833
6.04517628833
6.04517628833
6.04517628833
6.04517628833
6.04517628833
6.04517628833
6.04517628833
5.48972096791
5.48972096791
5.48972096791
5.48972096791
5.48972096791
5.48972096791
5.48972096791
5.48972096791
5.48972096791
5.48972096791
5.48972096791
5.48972096791
7.18571381588
7.18571381588
7.18571381588
7.18571381588
7.18571381588
7.18571381588
7.18571381588
7.18571381588
6.23994017569
6.23994017569
6.23994017569
6.23994017569
6.23994017569
6.23994017569
6.23994017569
6.23994017569
6.23994017569
8.17159982136
8.17159982136
8.17159982136
8.17159982136
8.17159982136
8.17159982136
8.17159982136
8.17159982136
5.79748883328
5.79748883328
5.79748883328
5.79748883328
5.79748883328
5.79748883328
5.79748883328
5.79748883328
7.57127455287
7.57127455287
7.57127455287
7.57127455287
7.57127455287
7.57127455287
7.57127455287
7.57127455287
7.09677768019
7.09677768019
7.09677768019
7.09677768019
7.09677768019
7.09677768019
7.09677768019
7.09677768019
7.09677768019
7.9249259997
7.9249259997
7.9249259997
7.9249259997
7.9249259997
7.9249259997
7.9249259997
7.9249259997
7.8334196571
7.8334196571
7.8334196571
7.8334196571
7.8334196571
7.8334196571
7.8334196571
7.8334196571
6.89894968122
6.89894968122
6.89894968122
6.89894968122
6.89894968122
6.89894968122
6.89894968122
6.89894968122
7.44847295201
7.44847295201
7.44847295201
7.44847295201
7.44847295201
7.44847295201
7.44847295201
7.44847295201
7.44847295201
7.97667207451
7.97667207451
7.97667207451
7.97667207451
7.97667207451
7.97667207451
7.97667207451
7.97667207451
7.3838829767
7.3838829767
7.3838829767
7.3838829767
7.3838829767
7.3838829767
7.3838829767
7.3838829767
7.45766949126
7.45766949126
7.45766949126
7.45766949126
7.45766949126
7.45766949126
7.45766949126
7.45766949126
7.91694082994
7.91694082994
7.91694082994
7.91694082994
7.91694082994
7.91694082994
7.91694082994
7.91694082994
7.91694082994
7.91694082994
7.91694082994
7.91694082994
7.91694082994
8.48361568974
8.48361568974
8.48361568974
8.48361568974
8.48361568974
8.48361568974
8.48361568974
8.48361568974
8.48361568974
8.48361568974
8.48361568974
8.48361568974
7.3168500452
7.3168500452
7.3168500452
7.3168500452
7.3168500452
7.3168500452
7.3168500452
7.3168500452
7.74491503072
7.74491503072
7.74491503072
7.74491503072
7.74491503072
7.74491503072
7.74491503072
7.74491503072
7.74491503072
9.37588979101
9.37588979101
9.37588979101
9.37588979101
9.37588979101
9.37588979101
9.37588979101
9.37588979101
8.71982772306
8.71982772306
8.71982772306
8.71982772306
8.71982772306
8.71982772306
8.71982772306
8.71982772306
9.18296689331
9.18296689331
9.18296689331
9.18296689331
9.18296689331
9.18296689331
9.18296689331
9.18296689331
9.18296689331
8.75258414717
8.75258414717
8.75258414717
8.75258414717
8.75258414717
8.75258414717
8.75258414717
8.75258414717
8.75258414717
8.75258414717
8.75258414717
8.75258414717
8.92492138272
8.92492138272
8.92492138272
8.92492138272
8.92492138272
8.92492138272
8.92492138272
8.92492138272
8.92492138272
8.92492138272
8.92492138272
8.92492138272
8.12096324446
8.12096324446
8.12096324446
8.12096324446
8.12096324446
8.12096324446
8.12096324446
8.12096324446
8.12096324446
9.28722338601
9.28722338601
9.28722338601
9.28722338601
9.28722338601
9.28722338601
9.28722338601
9.28722338601
9.90834690429
9.90834690429
9.90834690429
9.90834690429
9.90834690429
9.90834690429
9.90834690429
9.90834690429
9.54151605123
9.54151605123
9.54151605123
9.54151605123
9.54151605123
9.54151605123
9.54151605123
9.54151605123
8.94674144337
8.94674144337
8.94674144337
8.94674144337
8.94674144337
8.94674144337
8.94674144337
8.94674144337
8.94674144337
9.81493096832
9.81493096832
9.81493096832
9.81493096832
9.81493096832
9.81493096832
9.81493096832
9.81493096832
9.81493096832
9.81493096832
9.81493096832
9.81493096832
9.81493096832
9.81493096832
9.81493096832
9.81493096832
9.81493096832
9.81493096832
9.81493096832
9.81493096832
9.81493096832
9.81493096832
9.81493096832
9.81493096832
9.81493096832
9.81493096832
9.81493096832
9.81493096832
9.81493096832
9.81493096832
9.81493096832
9.81493096832
9.81493096832
9.81493096832
9.81493096832
9.81493096832
9.81493096832
9.81493096832
9.81493096832
9.81493096832
9.81493096832
9.81493096832
9.81493096832
9.81493096832
9.81493096832
9.81493096832
9.81493096832
9.81493096832
9.81493096832
9.81493096832
9.81493096832
9.81493096832
9.81493096832
9.81493096832
9.81493096832
9.81493096832
9.81493096832
9.81493096832
9.81493096832
9.81493096832
9.81493096832
9.81493096832
9.81493096832
9.81493096832
9.81493096832
9.81493096832
9.81493096832
9.81493096832
9.81493096832
9.81493096832
9.81493096832
9.81493096832
9.81493096832
9.81493096832
9.81493096832
9.81493096832
9.81493096832
9.81493096832
9.81493096832
9.81493096832
9.81493096832
9.81493096832
9.81493096832
9.81493096832
9.81493096832
9.81493096832
9.81493096832
9.81493096832
9.81493096832
9.81493096832
9.81493096832
9.81493096832
9.81493096832
9.81493096832
9.81493096832
