1.20547491123
1.20547491123
1.20547491123
1.20547491123
1.20547491123
1.20547491123
1.20547491123
1.20547491123
1.20547491123
1.20547491123
1.20547491123
1.20547491123
1.20547491123
1.20547491123
1.20547491123
1.20547491123
1.20547491123
1.20547491123
1.20547491123
1.20547491123
1.20547491123
1.20547491123
1.20547491123
1.20547491123
1.20547491123
1.20547491123
1.20547491123
1.20547491123
1.20547491123
1.20547491123
1.20547491123
1.20547491123
1.20547491123
1.20547491123
1.20547491123
1.20547491123
1.20547491123
1.20547491123
1.20547491123
1.20547491123
1.20547491123
1.20547491123
1.20547491123
1.20547491123
1.20547491123
1.20547491123
1.20547491123
1.20547491123
1.20547491123
1.20547491123
1.20547491123
1.20547491123
1.20547491123
1.20547491123
1.20547491123
1.20547491123
1.20547491123
1.20547491123
1.20547491123
1.20547491123
1.20547491123
1.20547491123
1.20547491123
1.20547491123
1.20547491123
1.20547491123
1.20547491123
1.20547491123
1.20547491123
1.20547491123
1.20547491123
1.20547491123
1.20547491123
1.20547491123
1.20547491123
1.20547491123
1.20547491123
1.20547491123
1.20547491123
1.20547491123
1.20547491123
1.20547491123
1.20547491123
1.20547491123
1.20547491123
1.20547491123
1.20547491123
1.20547491123
1.20547491123
1.20547491123
1.20547491123
1.20547491123
1.20547491123
1.20547491123
1.20547491123
1.20547491123
1.20547491123
1.20547491123
1.20547491123
1.20547491123
1.20547491123
1.20547491123
1.20547491123
1.20547491123
1.20547491123
1.20547491123
1.20547491123
1.20547491123
1.09127194017
1.09127194017
1.09127194017
1.09127194017
1.09127194017
1.09127194017
1.09127194017
1.09127194017
1.09127194017
1.09127194017
1.09127194017
1.09127194017
1.16676919562
1.16676919562
1.16676919562
1.16676919562
1.16676919562
1.16676919562
1.16676919562
1.16676919562
1.16676919562
1.16676919562
1.16676919562
1.16676919562
1.16676919562
1.30614203348
1.30614203348
1.30614203348
1.30614203348
1.30614203348
1.30614203348
1.30614203348
1.30614203348
1.38022960541
1.38022960541
1.38022960541
1.38022960541
1.38022960541
1.38022960541
1.38022960541
1.38022960541
1.38022960541
1.38022960541
1.38022960541
1.38022960541
1.10665760154
1.10665760154
1.10665760154
1.10665760154
1.10665760154
1.10665760154
1.10665760154
1.10665760154
1.10665760154
1.10665760154
1.10665760154
1.10665760154
1.10665760154
1.10665760154
1.10665760154
1.10665760154
1.10665760154
1.23743073166
1.23743073166
1.23743073166
1.23743073166
1.23743073166
1.23743073166
1.23743073166
1.23743073166
1.23743073166
1.23743073166
1.23743073166
1.23743073166
1.23743073166
1.23743073166
1.23743073166
1.23743073166
1.23743073166
1.23743073166
1.23743073166
1.23743073166
1.2245680296
1.2245680296
1.2245680296
1.2245680296
1.2245680296
1.2245680296
1.2245680296
1.2245680296
1.2245680296
1.24997733004
1.24997733004
1.24997733004
1.24997733004
1.24997733004
1.24997733004
1.24997733004
1.24997733004
1.24997733004
1.24997733004
1.24997733004
1.24997733004
1.24997733004
1.24997733004
1.24997733004
1.24997733004
1.17038684452
1.17038684452
1.17038684452
1.17038684452
1.17038684452
1.17038684452
1.17038684452
1.17038684452
1.17038684452
1.17038684452
1.17038684452
1.17038684452
1.17038684452
1.17038684452
1.17038684452
1.17038684452
1.17038684452
1.17038684452
1.17038684452
1.17038684452
1.17038684452
1.27904983663
1.27904983663
1.27904983663
1.27904983663
1.27904983663
1.27904983663
1.27904983663
1.27904983663
1.27904983663
1.27904983663
1.27904983663
1.27904983663
1.27904983663
1.27904983663
1.27904983663
1.27904983663
1.27904983663
1.27904983663
1.27904983663
1.27904983663
1.16498722919
1.16498722919
1.16498722919
1.16498722919
1.16498722919
1.16498722919
1.16498722919
1.16498722919
1.16498722919
1.16498722919
1.16498722919
1.16498722919
1.16498722919
1.04834215222
1.04834215222
1.04834215222
1.04834215222
1.04834215222
1.04834215222
1.04834215222
1.04834215222
1.09187251739
1.09187251739
1.09187251739
1.09187251739
1.09187251739
1.09187251739
1.09187251739
1.09187251739
1.09187251739
1.09187251739
1.09187251739
1.09187251739
1.09187251739
1.09187251739
1.09187251739
1.09187251739
1.09187251739
1.09187251739
1.09187251739
1.09187251739
1.09187251739
0.999854881382
0.999854881382
0.999854881382
0.999854881382
0.999854881382
0.999854881382
0.999854881382
0.999854881382
0.999854881382
0.999854881382
0.999854881382
0.999854881382
1.20073381537
1.20073381537
1.20073381537
1.20073381537
1.20073381537
1.20073381537
1.20073381537
1.20073381537
0.863788387617
0.863788387617
0.863788387617
0.863788387617
0.863788387617
0.863788387617
0.863788387617
0.863788387617
0.863788387617
0.959444328283
0.959444328283
0.959444328283
0.959444328283
0.959444328283
0.959444328283
0.959444328283
0.959444328283
1.03577932832
1.03577932832
1.03577932832
1.03577932832
1.03577932832
1.03577932832
1.03577932832
1.03577932832
0.880600626718
0.880600626718
0.880600626718
0.880600626718
0.880600626718
0.880600626718
0.880600626718
0.880600626718
0.635034389362
0.635034389362
0.635034389362
0.635034389362
0.635034389362
0.635034389362
0.635034389362
0.635034389362
0.635034389362
0.635034389362
0.635034389362
0.635034389362
0.635034389362
0.0778208680016
0.0778208680016
0.0778208680016
0.0778208680016
0.0778208680016
0.0778208680016
0.0778208680016
0.0778208680016
0.26168797125
0.26168797125
0.26168797125
0.26168797125
0.26168797125
0.26168797125
0.26168797125
0.26168797125
0.57608041294
0.57608041294
0.57608041294
0.57608041294
0.57608041294
0.57608041294
0.57608041294
0.57608041294
0.57608041294
0.57608041294
0.57608041294
0.57608041294
0.57608041294
1.05352439826
1.05352439826
1.05352439826
1.05352439826
1.05352439826
1.05352439826
1.05352439826
1.05352439826
1.00416271366
1.00416271366
1.00416271366
1.00416271366
1.00416271366
1.00416271366
1.00416271366
1.00416271366
0.934052008627
0.934052008627
0.934052008627
0.934052008627
0.934052008627
0.934052008627
0.934052008627
0.934052008627
0.972943214543
0.972943214543
0.972943214543
0.972943214543
0.972943214543
0.972943214543
0.972943214543
0.972943214543
0.972943214543
1.47752341989
1.47752341989
1.47752341989
1.47752341989
1.47752341989
1.47752341989
1.47752341989
1.47752341989
1.55047295504
1.55047295504
1.55047295504
1.55047295504
1.55047295504
1.55047295504
1.55047295504
1.55047295504
1.56843729848
1.56843729848
1.56843729848
1.56843729848
1.56843729848
1.56843729848
1.56843729848
1.56843729848
1.56843729848
1.56843729848
1.56843729848
1.56843729848
1.56843729848
1.49902922748
1.49902922748
1.49902922748
1.49902922748
1.49902922748
1.49902922748
1.49902922748
1.49902922748
1.73300959198
1.73300959198
1.73300959198
1.73300959198
1.73300959198
1.73300959198
1.73300959198
1.73300959198
1.92976318776
1.92976318776
1.92976318776
1.92976318776
1.92976318776
1.92976318776
1.92976318776
1.92976318776
1.92976318776
1.92976318776
1.92976318776
1.92976318776
2.22539125677
2.22539125677
2.22539125677
2.22539125677
2.22539125677
2.22539125677
2.22539125677
2.22539125677
2.22539125677
2.22539125677
2.22539125677
2.22539125677
2.22539125677
2.16910095882
2.16910095882
2.16910095882
2.16910095882
2.16910095882
2.16910095882
2.16910095882
2.16910095882
2.44776828811
2.44776828811
2.44776828811
2.44776828811
2.44776828811
2.44776828811
2.44776828811
2.44776828811
2.42800818883
2.42800818883
2.42800818883
2.42800818883
2.42800818883
2.42800818883
2.42800818883
2.42800818883
2.42800818883
2.42800818883
2.42800818883
2.42800818883
2.42800818883
3.17286834568
3.17286834568
3.17286834568
3.17286834568
3.17286834568
3.17286834568
3.17286834568
3.17286834568
3.17286834568
3.17286834568
3.17286834568
3.17286834568
3.43117975641
3.43117975641
3.43117975641
3.43117975641
3.43117975641
3.43117975641
3.43117975641
3.43117975641
3.43117975641
3.43117975641
3.43117975641
3.43117975641
3.43117975641
3.66404168054
3.66404168054
3.66404168054
3.66404168054
3.66404168054
3.66404168054
3.66404168054
3.66404168054
3.66404168054
3.66404168054
3.66404168054
3.66404168054
3.69830521013
3.69830521013
3.69830521013
3.69830521013
3.69830521013
3.69830521013
3.69830521013
3.69830521013
3.69830521013
3.69830521013
3.69830521013
3.69830521013
3.70778587151
3.70778587151
3.70778587151
3.70778587151
3.70778587151
3.70778587151
3.70778587151
3.70778587151
3.70778587151
3.70778587151
3.70778587151
3.70778587151
3.70778587151
3.9642208381
3.9642208381
3.9642208381
3.9642208381
3.9642208381
3.9642208381
3.9642208381
3.9642208381
3.9642208381
3.9642208381
3.9642208381
3.9642208381
4.29167492529
4.29167492529
4.29167492529
4.29167492529
4.29167492529
4.29167492529
4.29167492529
4.29167492529
4.87087860535
4.87087860535
4.87087860535
4.87087860535
4.87087860535
4.87087860535
4.87087860535
4.87087860535
4.87087860535
5.38723370942
5.38723370942
5.38723370942
5.38723370942
5.38723370942
5.38723370942
5.38723370942
5.38723370942
5.68384278717
5.68384278717
5.68384278717
5.68384278717
5.68384278717
5.68384278717
5.68384278717
5.68384278717
5.87746945622
5.87746945622
5.87746945622
5.87746945622
5.87746945622
5.87746945622
5.87746945622
5.87746945622
5.87746945622
5.87746945622
5.87746945622
5.87746945622
5.83746780857
5.83746780857
5.83746780857
5.83746780857
5.83746780857
5.83746780857
5.83746780857
5.83746780857
5.83746780857
6.24020387668
6.24020387668
6.24020387668
6.24020387668
6.24020387668
6.24020387668
6.24020387668
6.24020387668
6.3051251744
6.3051251744
6.3051251744
6.3051251744
6.3051251744
6.3051251744
6.3051251744
6.3051251744
6.3051251744
6.3051251744
6.3051251744
6.3051251744
7.19908481886
7.19908481886
7.19908481886
7.19908481886
7.19908481886
7.19908481886
7.19908481886
7.19908481886
7.19908481886
6.7363431442
6.7363431442
6.7363431442
6.7363431442
6.7363431442
6.7363431442
6.7363431442
6.7363431442
7.18012128316
7.18012128316
7.18012128316
7.18012128316
7.18012128316
7.18012128316
7.18012128316
7.18012128316
6.82184722542
6.82184722542
6.82184722542
6.82184722542
6.82184722542
6.82184722542
6.82184722542
6.82184722542
7.53099296869
7.53099296869
7.53099296869
7.53099296869
7.53099296869
7.53099296869
7.53099296869
7.53099296869
7.53099296869
7.61837467271
7.61837467271
7.61837467271
7.61837467271
7.61837467271
7.61837467271
7.61837467271
7.61837467271
7.55243200442
7.55243200442
7.55243200442
7.55243200442
7.55243200442
7.55243200442
7.55243200442
7.55243200442
7.39361431712
7.39361431712
7.39361431712
7.39361431712
7.39361431712
7.39361431712
7.39361431712
7.39361431712
7.44136512435
7.44136512435
7.44136512435
7.44136512435
7.44136512435
7.44136512435
7.44136512435
7.44136512435
7.44136512435
7.603009561
7.603009561
7.603009561
7.603009561
7.603009561
7.603009561
7.603009561
7.603009561
7.60607507417
7.60607507417
7.60607507417
7.60607507417
7.60607507417
7.60607507417
7.60607507417
7.60607507417
7.58616465872
7.58616465872
7.58616465872
7.58616465872
7.58616465872
7.58616465872
7.58616465872
7.58616465872
7.58616465872
7.58616465872
7.58616465872
7.58616465872
7.58616465872
7.95274224066
7.95274224066
7.95274224066
7.95274224066
7.95274224066
7.95274224066
7.95274224066
7.95274224066
7.90580242391
7.90580242391
7.90580242391
7.90580242391
7.90580242391
7.90580242391
7.90580242391
7.90580242391
7.84846048912
7.84846048912
7.84846048912
7.84846048912
7.84846048912
7.84846048912
7.84846048912
7.84846048912
7.84846048912
7.84846048912
7.84846048912
7.84846048912
8.14588519841
8.14588519841
8.14588519841
8.14588519841
8.14588519841
8.14588519841
8.14588519841
8.14588519841
8.14588519841
8.6135444383
8.6135444383
8.6135444383
8.6135444383
8.6135444383
8.6135444383
8.6135444383
8.6135444383
9.09289507345
9.09289507345
9.09289507345
9.09289507345
9.09289507345
9.09289507345
9.09289507345
9.09289507345
8.88512651931
8.88512651931
8.88512651931
8.88512651931
8.88512651931
8.88512651931
8.88512651931
8.88512651931
8.88512651931
8.88512651931
8.88512651931
8.88512651931
8.88512651931
8.95349107457
8.95349107457
8.95349107457
8.95349107457
8.95349107457
8.95349107457
8.95349107457
8.95349107457
8.59948984774
8.59948984774
8.59948984774
8.59948984774
8.59948984774
8.59948984774
8.59948984774
8.59948984774
8.77770293266
8.77770293266
8.77770293266
8.77770293266
8.77770293266
8.77770293266
8.77770293266
8.77770293266
8.77770293266
8.77770293266
8.77770293266
8.77770293266
8.77770293266
9.10551144962
9.10551144962
9.10551144962
9.10551144962
9.10551144962
9.10551144962
9.10551144962
9.10551144962
9.57902906599
9.57902906599
9.57902906599
9.57902906599
9.57902906599
9.57902906599
9.57902906599
9.57902906599
9.46553508173
9.46553508173
9.46553508173
9.46553508173
9.46553508173
9.46553508173
9.46553508173
9.46553508173
9.43439643548
9.43439643548
9.43439643548
9.43439643548
9.43439643548
9.43439643548
9.43439643548
9.43439643548
9.43439643548
9.43439643548
9.43439643548
9.43439643548
9.43439643548
9.43439643548
9.43439643548
9.43439643548
9.43439643548
9.43439643548
9.43439643548
9.43439643548
9.43439643548
9.43439643548
9.43439643548
9.43439643548
9.43439643548
9.43439643548
9.43439643548
9.43439643548
9.43439643548
9.43439643548
9.43439643548
9.43439643548
9.43439643548
9.43439643548
9.43439643548
9.43439643548
9.43439643548
9.43439643548
9.43439643548
9.43439643548
9.43439643548
9.43439643548
9.43439643548
9.43439643548
9.43439643548
9.43439643548
9.43439643548
9.43439643548
9.43439643548
9.43439643548
9.43439643548
9.43439643548
9.43439643548
9.43439643548
9.43439643548
9.43439643548
9.43439643548
9.43439643548
9.43439643548
9.43439643548
9.43439643548
9.43439643548
9.43439643548
9.43439643548
9.43439643548
9.43439643548
9.43439643548
9.43439643548
9.43439643548
9.43439643548
9.43439643548
9.43439643548
9.43439643548
9.43439643548
9.43439643548
9.43439643548
9.43439643548
9.43439643548
9.43439643548
9.43439643548
9.43439643548
9.43439643548
9.43439643548
9.43439643548
9.43439643548
9.43439643548
9.43439643548
9.43439643548
9.43439643548
9.43439643548
9.43439643548
9.43439643548
9.43439643548
9.43439643548
9.43439643548
9.43439643548
9.43439643548
9.43439643548
9.43439643548
9.43439643548
9.43439643548
9.43439643548
9.43439643548
9.43439643548
