1.3208633702
1.3208633702
1.3208633702
1.3208633702
1.3208633702
1.3208633702
1.3208633702
1.3208633702
1.3208633702
1.3208633702
1.3208633702
1.3208633702
1.3208633702
1.3208633702
1.3208633702
1.3208633702
1.3208633702
1.3208633702
1.3208633702
1.3208633702
1.3208633702
1.3208633702
1.3208633702
1.3208633702
1.3208633702
1.3208633702
1.3208633702
1.3208633702
1.3208633702
1.3208633702
1.3208633702
1.3208633702
1.3208633702
1.3208633702
1.3208633702
1.3208633702
1.3208633702
1.3208633702
1.3208633702
1.3208633702
1.3208633702
1.3208633702
1.3208633702
1.3208633702
1.3208633702
1.3208633702
1.3208633702
1.3208633702
1.3208633702
1.3208633702
1.3208633702
1.3208633702
1.3208633702
1.3208633702
1.3208633702
1.3208633702
1.3208633702
1.3208633702
1.3208633702
1.3208633702
1.3208633702
1.3208633702
1.3208633702
1.3208633702
1.3208633702
1.3208633702
1.3208633702
1.3208633702
1.3208633702
1.3208633702
1.3208633702
1.3208633702
1.3208633702
1.3208633702
1.3208633702
1.3208633702
1.3208633702
1.3208633702
1.3208633702
1.3208633702
1.3208633702
1.3208633702
1.3208633702
1.3208633702
1.3208633702
1.3208633702
1.3208633702
1.3208633702
1.3208633702
1.3208633702
1.3208633702
1.3208633702
1.3208633702
1.3208633702
1.3208633702
1.3208633702
1.3208633702
1.3208633702
1.3208633702
1.3208633702
1.3208633702
1.3208633702
1.3208633702
1.3208633702
1.3208633702
1.3208633702
1.3208633702
1.3208633702
1.3208633702
1.3208633702
1.3208633702
1.3208633702
1.3208633702
1.3208633702
1.3208633702
1.3208633702
1.3208633702
1.3208633702
1.3208633702
1.3208633702
1.25999811972
1.25999811972
1.25999811972
1.25999811972
1.25999811972
1.25999811972
1.25999811972
1.25999811972
1.10907106665
1.10907106665
1.10907106665
1.10907106665
1.10907106665
1.10907106665
1.10907106665
1.10907106665
1.10907106665
1.10907106665
1.10907106665
1.10907106665
1.10907106665
1.26157298527
1.26157298527
1.26157298527
1.26157298527
1.26157298527
1.26157298527
1.26157298527
1.26157298527
1.26157298527
1.26157298527
1.26157298527
1.26157298527
1.26157298527
1.26157298527
1.26157298527
1.26157298527
1.34769339331
1.34769339331
1.34769339331
1.34769339331
1.34769339331
1.34769339331
1.34769339331
1.34769339331
1.34769339331
1.34769339331
1.34769339331
1.34769339331
1.34769339331
1.34769339331
1.34769339331
1.34769339331
1.34769339331
1.34769339331
1.34769339331
1.34769339331
1.34769339331
1.34769339331
1.34769339331
1.34769339331
1.34769339331
1.14375036651
1.14375036651
1.14375036651
1.14375036651
1.14375036651
1.14375036651
1.14375036651
1.14375036651
1.22787416371
1.22787416371
1.22787416371
1.22787416371
1.22787416371
1.22787416371
1.22787416371
1.22787416371
1.22787416371
1.22178773865
1.22178773865
1.22178773865
1.22178773865
1.22178773865
1.22178773865
1.22178773865
1.22178773865
1.24718570602
1.24718570602
1.24718570602
1.24718570602
1.24718570602
1.24718570602
1.24718570602
1.24718570602
1.24718570602
1.24718570602
1.24718570602
1.24718570602
1.24718570602
1.24718570602
1.24718570602
1.24718570602
1.24718570602
1.24718570602
1.24718570602
1.24718570602
1.24718570602
1.24718570602
1.24718570602
1.24718570602
1.24718570602
1.24718570602
1.24718570602
1.24718570602
1.24718570602
1.18440806287
1.18440806287
1.18440806287
1.18440806287
1.18440806287
1.18440806287
1.18440806287
1.18440806287
1.18440806287
1.18440806287
1.18440806287
1.18440806287
1.18440806287
1.18440806287
1.18440806287
1.18440806287
1.18440806287
1.18440806287
1.18440806287
1.18440806287
1.18440806287
1.18440806287
1.18440806287
1.18440806287
1.18440806287
1.1160522138
1.1160522138
1.1160522138
1.1160522138
1.1160522138
1.1160522138
1.1160522138
1.1160522138
1.15232281984
1.15232281984
1.15232281984
1.15232281984
1.15232281984
1.15232281984
1.15232281984
1.15232281984
1.08208888651
1.08208888651
1.08208888651
1.08208888651
1.08208888651
1.08208888651
1.08208888651
1.08208888651
1.06906260174
1.06906260174
1.06906260174
1.06906260174
1.06906260174
1.06906260174
1.06906260174
1.06906260174
1.06906260174
1.06906260174
1.06906260174
1.06906260174
1.06906260174
1.06906260174
1.06906260174
1.06906260174
1.06906260174
1.06906260174
1.06906260174
1.06906260174
1.06906260174
0.971603517594
0.971603517594
0.971603517594
0.971603517594
0.971603517594
0.971603517594
0.971603517594
0.971603517594
0.971603517594
0.971603517594
0.971603517594
0.971603517594
1.02875019295
1.02875019295
1.02875019295
1.02875019295
1.02875019295
1.02875019295
1.02875019295
1.02875019295
1.02875019295
1.0354066888
1.0354066888
1.0354066888
1.0354066888
1.0354066888
1.0354066888
1.0354066888
1.0354066888
0.900050965862
0.900050965862
0.900050965862
0.900050965862
0.900050965862
0.900050965862
0.900050965862
0.900050965862
0.689330542402
0.689330542402
0.689330542402
0.689330542402
0.689330542402
0.689330542402
0.689330542402
0.689330542402
0.689330542402
0.689330542402
0.689330542402
0.689330542402
0.689330542402
0.56382618406
0.56382618406
0.56382618406
0.56382618406
0.56382618406
0.56382618406
0.56382618406
0.56382618406
0.481397157881
0.481397157881
0.481397157881
0.481397157881
0.481397157881
0.481397157881
0.481397157881
0.481397157881
0.413511197285
0.413511197285
0.413511197285
0.413511197285
0.413511197285
0.413511197285
0.413511197285
0.413511197285
0.667580445442
0.667580445442
0.667580445442
0.667580445442
0.667580445442
0.667580445442
0.667580445442
0.667580445442
0.667580445442
0.702874149161
0.702874149161
0.702874149161
0.702874149161
0.702874149161
0.702874149161
0.702874149161
0.702874149161
0.702874149161
0.702874149161
0.702874149161
0.702874149161
0.927249874005
0.927249874005
0.927249874005
0.927249874005
0.927249874005
0.927249874005
0.927249874005
0.927249874005
1.09433358506
1.09433358506
1.09433358506
1.09433358506
1.09433358506
1.09433358506
1.09433358506
1.09433358506
1.24373994527
1.24373994527
1.24373994527
1.24373994527
1.24373994527
1.24373994527
1.24373994527
1.24373994527
1.24373994527
1.22541900363
1.22541900363
1.22541900363
1.22541900363
1.22541900363
1.22541900363
1.22541900363
1.22541900363
1.4328983309
1.4328983309
1.4328983309
1.4328983309
1.4328983309
1.4328983309
1.4328983309
1.4328983309
1.4328983309
1.4328983309
1.4328983309
1.4328983309
1.58272627154
1.58272627154
1.58272627154
1.58272627154
1.58272627154
1.58272627154
1.58272627154
1.58272627154
1.58272627154
1.68145882329
1.68145882329
1.68145882329
1.68145882329
1.68145882329
1.68145882329
1.68145882329
1.68145882329
1.70424218758
1.70424218758
1.70424218758
1.70424218758
1.70424218758
1.70424218758
1.70424218758
1.70424218758
1.98767724654
1.98767724654
1.98767724654
1.98767724654
1.98767724654
1.98767724654
1.98767724654
1.98767724654
1.98767724654
1.98767724654
1.98767724654
1.98767724654
2.04185701413
2.04185701413
2.04185701413
2.04185701413
2.04185701413
2.04185701413
2.04185701413
2.04185701413
2.04185701413
2.04185701413
2.04185701413
2.04185701413
2.04185701413
2.27348561547
2.27348561547
2.27348561547
2.27348561547
2.27348561547
2.27348561547
2.27348561547
2.27348561547
2.40467639844
2.40467639844
2.40467639844
2.40467639844
2.40467639844
2.40467639844
2.40467639844
2.40467639844
2.78772009777
2.78772009777
2.78772009777
2.78772009777
2.78772009777
2.78772009777
2.78772009777
2.78772009777
2.78772009777
2.78772009777
2.78772009777
2.78772009777
2.78772009777
2.99695870447
2.99695870447
2.99695870447
2.99695870447
2.99695870447
2.99695870447
2.99695870447
2.99695870447
2.99695870447
2.99695870447
2.99695870447
2.99695870447
2.99695870447
2.99695870447
2.99695870447
2.99695870447
3.3016408181
3.3016408181
3.3016408181
3.3016408181
3.3016408181
3.3016408181
3.3016408181
3.3016408181
3.3016408181
3.3016408181
3.3016408181
3.3016408181
3.3016408181
3.5380422398
3.5380422398
3.5380422398
3.5380422398
3.5380422398
3.5380422398
3.5380422398
3.5380422398
3.76482530264
3.76482530264
3.76482530264
3.76482530264
3.76482530264
3.76482530264
3.76482530264
3.76482530264
3.77645230649
3.77645230649
3.77645230649
3.77645230649
3.77645230649
3.77645230649
3.77645230649
3.77645230649
3.77645230649
3.77645230649
3.77645230649
3.77645230649
3.77645230649
4.05433933343
4.05433933343
4.05433933343
4.05433933343
4.05433933343
4.05433933343
4.05433933343
4.05433933343
4.05433933343
4.05433933343
4.05433933343
4.05433933343
4.48892744673
4.48892744673
4.48892744673
4.48892744673
4.48892744673
4.48892744673
4.48892744673
4.48892744673
4.48892744673
4.48892744673
4.48892744673
4.48892744673
4.78980939096
4.78980939096
4.78980939096
4.78980939096
4.78980939096
4.78980939096
4.78980939096
4.78980939096
4.78980939096
5.23997346516
5.23997346516
5.23997346516
5.23997346516
5.23997346516
5.23997346516
5.23997346516
5.23997346516
5.6368766005
5.6368766005
5.6368766005
5.6368766005
5.6368766005
5.6368766005
5.6368766005
5.6368766005
5.6368766005
5.6368766005
5.6368766005
5.6368766005
5.71728510711
5.71728510711
5.71728510711
5.71728510711
5.71728510711
5.71728510711
5.71728510711
5.71728510711
6.06156861572
6.06156861572
6.06156861572
6.06156861572
6.06156861572
6.06156861572
6.06156861572
6.06156861572
6.06156861572
6.18761147128
6.18761147128
6.18761147128
6.18761147128
6.18761147128
6.18761147128
6.18761147128
6.18761147128
6.62643031258
6.62643031258
6.62643031258
6.62643031258
6.62643031258
6.62643031258
6.62643031258
6.62643031258
6.57689282083
6.57689282083
6.57689282083
6.57689282083
6.57689282083
6.57689282083
6.57689282083
6.57689282083
6.57689282083
6.57689282083
6.57689282083
6.57689282083
6.57689282083
6.99320354402
6.99320354402
6.99320354402
6.99320354402
6.99320354402
6.99320354402
6.99320354402
6.99320354402
6.97541631662
6.97541631662
6.97541631662
6.97541631662
6.97541631662
6.97541631662
6.97541631662
6.97541631662
7.31241348644
7.31241348644
7.31241348644
7.31241348644
7.31241348644
7.31241348644
7.31241348644
7.31241348644
7.24477745258
7.24477745258
7.24477745258
7.24477745258
7.24477745258
7.24477745258
7.24477745258
7.24477745258
7.24477745258
7.46506962545
7.46506962545
7.46506962545
7.46506962545
7.46506962545
7.46506962545
7.46506962545
7.46506962545
7.44050930491
7.44050930491
7.44050930491
7.44050930491
7.44050930491
7.44050930491
7.44050930491
7.44050930491
7.6164881864
7.6164881864
7.6164881864
7.6164881864
7.6164881864
7.6164881864
7.6164881864
7.6164881864
7.50827958019
7.50827958019
7.50827958019
7.50827958019
7.50827958019
7.50827958019
7.50827958019
7.50827958019
7.50827958019
7.4331295459
7.4331295459
7.4331295459
7.4331295459
7.4331295459
7.4331295459
7.4331295459
7.4331295459
7.63672777868
7.63672777868
7.63672777868
7.63672777868
7.63672777868
7.63672777868
7.63672777868
7.63672777868
7.63672777868
7.63672777868
7.63672777868
7.63672777868
7.84375632931
7.84375632931
7.84375632931
7.84375632931
7.84375632931
7.84375632931
7.84375632931
7.84375632931
7.84375632931
7.71179192149
7.71179192149
7.71179192149
7.71179192149
7.71179192149
7.71179192149
7.71179192149
7.71179192149
7.78399833336
7.78399833336
7.78399833336
7.78399833336
7.78399833336
7.78399833336
7.78399833336
7.78399833336
8.16764239903
8.16764239903
8.16764239903
8.16764239903
8.16764239903
8.16764239903
8.16764239903
8.16764239903
8.32821978005
8.32821978005
8.32821978005
8.32821978005
8.32821978005
8.32821978005
8.32821978005
8.32821978005
8.32821978005
8.32821978005
8.32821978005
8.32821978005
8.32821978005
8.46809002284
8.46809002284
8.46809002284
8.46809002284
8.46809002284
8.46809002284
8.46809002284
8.46809002284
8.75523684752
8.75523684752
8.75523684752
8.75523684752
8.75523684752
8.75523684752
8.75523684752
8.75523684752
8.75523684752
8.75523684752
8.75523684752
8.75523684752
8.99123812143
8.99123812143
8.99123812143
8.99123812143
8.99123812143
8.99123812143
8.99123812143
8.99123812143
8.99123812143
8.74025280839
8.74025280839
8.74025280839
8.74025280839
8.74025280839
8.74025280839
8.74025280839
8.74025280839
8.85373194267
8.85373194267
8.85373194267
8.85373194267
8.85373194267
8.85373194267
8.85373194267
8.85373194267
8.99880794702
8.99880794702
8.99880794702
8.99880794702
8.99880794702
8.99880794702
8.99880794702
8.99880794702
9.15659433019
9.15659433019
9.15659433019
9.15659433019
9.15659433019
9.15659433019
9.15659433019
9.15659433019
9.15659433019
9.15659433019
9.15659433019
9.15659433019
9.15659433019
9.16095834238
9.16095834238
9.16095834238
9.16095834238
9.16095834238
9.16095834238
9.16095834238
9.16095834238
9.4997518922
9.4997518922
9.4997518922
9.4997518922
9.4997518922
9.4997518922
9.4997518922
9.4997518922
9.4997518922
9.4997518922
9.4997518922
9.4997518922
9.4997518922
9.4997518922
9.4997518922
9.4997518922
9.4997518922
9.4997518922
9.4997518922
9.4997518922
9.4997518922
9.4997518922
9.4997518922
9.4997518922
9.4997518922
9.4997518922
9.4997518922
9.4997518922
9.4997518922
9.4997518922
9.4997518922
9.4997518922
9.4997518922
9.4997518922
9.4997518922
9.4997518922
9.4997518922
9.4997518922
9.4997518922
9.4997518922
9.4997518922
9.4997518922
9.4997518922
9.4997518922
9.4997518922
9.4997518922
9.4997518922
9.4997518922
9.4997518922
9.4997518922
9.4997518922
9.4997518922
9.4997518922
9.4997518922
9.4997518922
9.4997518922
9.4997518922
9.4997518922
9.4997518922
9.4997518922
9.4997518922
9.4997518922
9.4997518922
9.4997518922
9.4997518922
9.4997518922
9.4997518922
9.4997518922
9.4997518922
9.4997518922
9.4997518922
9.4997518922
9.4997518922
9.4997518922
9.4997518922
9.4997518922
9.4997518922
9.4997518922
9.4997518922
9.4997518922
9.4997518922
9.4997518922
9.4997518922
9.4997518922
9.4997518922
9.4997518922
9.4997518922
9.4997518922
9.4997518922
9.4997518922
9.4997518922
9.4997518922
9.4997518922
9.4997518922
9.4997518922
9.4997518922
9.4997518922
9.4997518922
9.4997518922
9.4997518922
9.4997518922
9.4997518922
9.4997518922
9.4997518922
9.4997518922
9.4997518922
9.4997518922
9.4997518922
9.4997518922
9.4997518922
9.4997518922
9.4997518922
