0.244204
0.201992
0.174719
0.153684
0.137406
0.124727
0.114887
0.106922
0.100577
0.0954925
0.0913362
0.0879061
0.0849621
0.0825512
0.0804832
0.0787267
0.077224
0.0759675
0.0747432
0.0737748
0.072939
0.0719582
0.0712114
0.07056
0.0698819
0.0693188
0.0687871
0.06827
0.0677785
0.067336
0.0669167
0.0665613
0.0661444
0.0658205
0.0654531
0.0652306
0.064811
0.0645502
0.064229
0.063987
0.0636803
0.0634397
0.0631776
0.062934
0.0627087
0.0624754
0.06229
0.0620481
0.0618619
0.0616591
0.0614472
0.0612585
0.0610746
0.0608957
0.0607385
0.0605663
0.0603905
0.060227
0.0600793
0.0599162
0.0597689
0.0596212
0.0594801
0.0593601
0.0592193
0.0590718
0.0589766
0.0588259
0.0587524
0.0585806
0.0584702
0.058338
0.0582473
0.0581211
0.0580042
0.0579295
0.0578096
0.0576901
0.0576187
0.0574885
0.0574114
0.0573277
0.0572045
0.0572048
0.0571141
0.0569601
0.0569141
0.056779
0.0567515
0.0566448
0.0565248
0.056447
0.0563749
0.0562939
0.0562244
0.0561471
0.0560841
0.0560138
0.0559617
0.0558688
0.0558103
0.0557364
0.0556727
0.0556271
0.0555794
0.0554853
0.0554359
0.0553816
0.0553111
0.0552651
0.0551937
0.0551963
0.0550813
0.0550682
0.054978
0.0549231
0.0548738
0.0548225
0.0547841
0.0547347
0.0546748
0.0546416
0.0545761
0.0545356
0.0544872
0.0544609
0.0544132
0.0543511
0.0543066
0.054266
0.054234
0.0541808
0.0541499
0.0540981
0.0540661
0.0540275
0.0540182
0.0539511
0.0539103
0.0538667
0.0538539
0.0537922
0.0537595
0.0537815
0.0537138
0.0536708
0.0536256
0.0535858
0.0535576
0.0535722
0.0534966
0.0534529
0.0534319
0.0533955
0.0533565
0.0533542
0.0532978
0.0532687
0.0532729
0.0532067
0.0532138
0.0532414
0.0531371
0.0531064
0.0530749
0.0530549
0.0530428
0.0529923
0.05296
0.0529415
0.0529251
0.0529133
0.0528526
0.052855
0.052809
0.0528189
0.0527599
0.0527806
0.0527176
0.0526845
0.052683
0.0526382
0.052617
0.0525954
0.0526026
0.0525496
0.0525237
0.052506
0.0525264
0.0524634
0.0524503
0.0524325
0.0524469
0.0524093
0.0523658
0.0523844
0.0523147
0.0523007
0.0523036
0.0522906
0.0522527
0.0522239
0.0523331
0.052179
0.052161
0.0521476
0.0521418
0.0521071
0.0520917
0.0520702
0.0520841
0.0520347
0.0520426
0.0520039
0.0519833
0.0519675
0.0519561
0.0519363
0.0519185
0.0519002
0.0518955
0.0518679
0.051916
0.0518484
0.0518375
0.0518147
0.0517924
0.0517806
0.0517606
0.0517485
0.0517291
0.0517153
0.051705
0.0516908
0.0516879
0.0516887
0.051644
0.0516302
0.0516144
0.0516114
0.0515866
0.0516058
0.0515596
0.0515592
0.0515338
0.0515199
0.0515171
0.0514956
0.0515669
0.0515591
0.0514548
0.0514883
0.0514354
0.0514191
0.0514047
0.0514168
0.0514308
0.0514074
0.0513578
0.0513443
0.0513341
0.051321
0.0513364
0.0513113
0.0512895
0.0512758
0.0512802
0.0512695
0.0512474
0.0512356
0.0512185
0.051263
0.0512097
0.0511874
0.0511754
0.0512008
0.0511559
0.0511461
0.0511844
0.0511302
0.0511135
0.0511613
0.0511097
0.0511626
0.0510782
0.0510667
0.0510596
0.051049
0.0510315
0.0510236
0.0510135
0.0510417
0.0509988
0.051049
0.0510754
0.0509646
0.0509665
0.0509593
0.0509372
0.0509606
0.0509185
0.0509093
0.0509334
0.0508915
0.0508827
0.0508752
0.0508655
0.050858
0.0508477
0.0508395
0.0508316
0.0508304
0.0508174
0.0508496
0.0508049
0.0508128
0.0508005
0.0507734
0.0507645
0.0507563
0.050765
0.0507473
0.0507409
0.0507246
0.0507284
0.0507342
0.0507359
0.0507057
0.0507036
0.050678
0.0506761
0.0506916
0.0507132
0.0506552
0.0506781
0.0506407
0.0506259
0.0506479
0.0506115
0.0506212
0.0505975
0.0507885
0.0506488
0.0505907
0.0505693
0.0505658
0.0505637
0.0505509
0.0505455
0.0505446
0.0505279
0.0505267
0.0505221
0.0505112
0.0505102
0.0504962
0.0504881
0.0504903
0.0504801
0.0504884
0.0505029
0.0504582
0.050488
0.0504957
0.0504386
0.050501
0.050433
0.0504307
0.0504173
0.0504447
0.050408
0.0503967
0.0503883
0.0503849
0.0503916
0.0503735
0.0503678
0.0503606
0.0503538
0.05035
0.0503418
0.0503903
0.0503582
0.0503267
0.0503194
0.0503146
0.0503168
0.050308
0.0503002
0.050308
0.0502858
0.0503719
0.0502753
0.0502697
0.0502654
0.0502588
0.0502848
0.050255
0.0502495
0.0502519
0.0502399
0.0502543
0.0502235
0.0502212
0.0502149
0.0502068
0.0502169
0.0502397
0.0501941
0.0501867
0.0501925
0.0502275
0.0501857
0.0501818
0.0501826
0.0501585
0.0501526
0.050149
0.0501431
0.0501503
0.0501816
0.0501359
0.0501243
0.0501575
0.0501489
0.0501451
0.0501083
0.0501702
0.0500985
0.0501011
0.0500892
0.0500925
0.0500802
0.0500932
0.0500712
0.0500736
0.0500617
0.0500571
0.0500547
0.0500502
0.0500549
0.0500751
0.0500358
0.0500404
0.0500277
0.0500854
0.0501539
0.0500174
0.0500146
0.0500183
0.0500205
0.0499995
0.0499961
0.0499952
0.0499997
0.0500164
0.0499892
0.0499754
0.0499858
0.049967
0.0499771
0.0500027
0.0499629
0.0499977
0.0499805
0.04995
0.0499401
0.0499541
0.0499621
0.0499576
0.0499356
0.0499642
0.049989
0.0499205
0.0499169
0.0499279
0.0499089
0.0499003
0.0499145
0.0499681
0.0498892
0.049893
0.0499056
0.0499061
0.0499123
0.049891
0.0498927
0.0498663
0.049861
0.0498613
0.0498544
0.0499166
0.0498524
0.049851
0.0498417
0.0498587
0.0498341
0.049831
0.049828
0.0498408
