0.183883
0.203199
0.169728
0.171113
0.172356
0.182119
0.165776
0.167629
0.169836
0.176898
0.166402
0.169692
0.164839
0.164923
0.177716
0.16428
0.181146
0.166825
0.170381
0.164662
0.167129
0.174953
0.164464
0.165061
0.166406
0.164872
0.166327
0.164363
0.164585
0.167902
0.164788
0.167856
0.166673
0.179665
0.176186
0.164884
0.168754
0.166172
0.166522
0.166122
0.180449
0.166298
0.164919
0.175815
0.164574
0.164339
0.166751
0.166106
0.194344
0.202547
0.181397
0.17555
0.168483
0.164781
0.16535
0.196673
0.167984
0.17385
0.164343
0.171717
0.16522
0.169505
0.164442
0.167869
0.179331
0.168105
0.164373
0.16676
0.170125
0.170124
0.180571
0.176009
0.168329
0.169705
0.165511
0.167348
0.164673
0.166626
0.165754
0.171899
0.165505
0.166643
0.166372
0.16454
0.164518
0.164316
0.164794
0.16486
0.168379
0.214983
0.173627
0.178114
0.167951
0.168127
0.182631
0.189067
0.164555
0.166865
0.165906
0.164524
0.164716
0.164325
0.214467
0.167766
0.165507
0.165514
0.1654
0.170638
0.178746
0.166586
0.167773
0.165428
0.176449
0.165194
0.168747
0.165386
0.166458
0.167035
0.164783
0.173251
0.165204
0.173584
0.169958
0.165449
0.168688
0.16857
0.165464
0.16532
0.166327
0.175139
0.178683
0.167161
0.176749
0.173363
0.168797
0.165574
0.175275
0.164487
0.164876
0.186811
0.164557
0.199078
0.169871
0.164491
0.164385
0.170027
0.167351
0.166737
0.16528
0.16516
0.168628
0.165837
0.175561
0.164379
0.16426
0.172694
0.164305
0.167318
0.16982
0.164885
0.16602
0.164346
0.183014
0.164552
0.167755
0.181824
0.166136
0.164341
0.166504
0.164324
0.169861
0.164479
0.169876
0.164592
0.164782
0.166345
0.164682
0.167987
0.174193
0.16701
0.169841
0.17272
0.164507
0.165079
0.166214
0.166051
0.16593
0.16587
0.168601
0.173043
0.166875
0.165048
0.172256
0.168549
0.165378
0.167112
0.165773
0.168221
0.165253
0.187617
0.178838
0.167978
0.164404
0.170718
0.186947
0.16437
0.182147
0.166142
0.170522
0.167161
0.164656
0.165952
0.169206
0.164686
0.166781
0.164719
0.169721
0.164605
0.164498
0.173498
0.164607
0.166078
0.167189
0.17021
0.166654
0.164914
0.164637
0.16642
0.167296
0.170931
0.174205
0.166501
0.16515
0.170899
0.169519
0.19656
0.170382
0.166117
0.165241
0.16832
0.193856
0.166065
0.170674
0.164693
0.164355
0.170709
0.182898
0.164368
0.170227
0.164452
0.168711
0.164488
0.176718
0.174375
0.165666
0.179375
0.166922
0.176857
0.171225
0.17134
0.17251
0.16521
0.165546
0.169333
0.164728
0.169538
0.178716
0.165389
0.174518
0.165603
0.167012
0.164456
0.166017
0.171508
0.170896
0.164356
0.169245
0.164993
0.164463
0.170769
0.164517
0.165078
0.167475
0.1656
0.168313
0.174526
0.168437
0.171313
0.164794
0.164354
0.16489
0.167609
0.18183
0.164819
0.181685
0.165518
0.168778
0.16468
0.165636
0.16505
0.186736
0.164556
0.169873
0.169241
0.166024
0.166292
0.166369
0.173452
0.174579
0.166363
0.170514
0.175085
0.164775
0.166676
0.166274
0.164996
0.169023
0.164285
0.16435
0.164306
0.17462
0.168088
0.164359
0.170039
0.174822
0.175935
0.170562
0.165906
0.172473
0.164381
0.173268
0.164453
0.167935
0.165196
0.165506
0.165794
0.179633
0.164458
0.16528
0.169803
0.175444
0.166542
0.16819
0.176017
0.164825
0.164432
0.178392
0.164442
0.17768
0.164456
0.171549
0.166723
0.165288
0.165559
0.165384
0.169568
0.166881
0.164306
0.167075
0.167385
0.168395
0.175765
0.173098
0.165884
0.167308
0.165736
0.173992
0.174455
0.171975
0.164754
0.165321
0.164892
0.16439
0.165442
0.172144
0.165138
0.164657
0.165046
0.165482
0.164414
0.169748
0.173881
0.174874
0.164761
0.16437
0.165679
0.165667
0.18364
0.172482
0.171796
0.169435
0.169833
0.165771
0.167105
0.167366
0.164528
0.165497
0.16779
0.16524
0.179937
0.165866
0.164648
0.164496
0.165367
0.174023
0.165595
0.164354
0.166047
0.168838
0.164346
0.167686
0.164444
0.167521
0.168976
0.166498
0.164562
0.164611
0.164529
0.165542
0.166934
0.169326
0.165245
0.164898
0.168076
0.1687
0.166456
0.178642
0.166131
0.168008
0.164661
0.164901
0.166177
0.166916
0.170645
0.165326
0.175676
0.166203
0.164839
0.164567
0.165294
0.174397
0.182732
0.166948
0.164499
0.175097
0.172187
0.176877
0.166076
0.193559
0.165703
0.164586
0.166444
0.179541
0.167212
0.171287
0.166331
0.164266
0.164385
0.178436
0.16511
0.165529
0.164974
0.179343
0.17148
0.164447
0.164679
0.164918
0.164489
0.167884
0.164928
0.169203
0.167653
0.164545
0.164321
0.16624
0.166107
0.168308
0.166152
0.168031
0.171649
0.172828
0.166132
0.165816
0.165042
0.165878
0.173269
0.164469
0.164607
0.164275
0.167303
0.164435
0.168463
0.169425
0.192738
0.176942
0.16536
0.183005
0.165082
0.168697
0.166772
