0.295695
0.243542
0.219773
0.202584
0.187985
0.175229
0.164029
0.154163
0.14551
0.137899
0.131135
0.125166
0.119853
0.115134
0.110937
0.107176
0.103816
0.100798
0.0980847
0.0956397
0.093431
0.0914313
0.089618
0.087967
0.0864617
0.0850838
0.0838116
0.0826626
0.0815763
0.0806144
0.0796772
0.0788285
0.0780339
0.0772995
0.0766124
0.0759693
0.0753684
0.0747993
0.0742638
0.0737651
0.0732836
0.0728307
0.072402
0.0720108
0.0716131
0.0712379
0.0708843
0.0705643
0.0702334
0.069911
0.0696128
0.0693256
0.0690488
0.0687825
0.0685284
0.068276
0.0680374
0.0678102
0.0675887
0.0673698
0.0671465
0.0669395
0.0667337
0.0665413
0.0663472
0.0661618
0.0659853
0.0658136
0.0656341
0.0654727
0.0652986
0.0651343
0.064976
0.0648213
0.0646715
0.0645232
0.0643815
0.0642383
0.0640938
0.063968
0.0638218
0.0636889
0.0635591
0.063434
0.063306
0.0631854
0.0630625
0.0629513
0.0628304
0.0627104
0.0626077
0.0624836
0.0623733
0.0622658
0.0621586
0.0620537
0.0619505
0.0618523
0.0617486
0.0616503
0.0615554
0.0614588
0.0613595
0.0612681
0.0611765
0.0610833
0.0609912
0.0609026
0.0608154
0.0607345
0.0606439
0.0605638
0.0604759
0.0603936
0.0603128
0.060238
0.0601538
0.0600762
0.0599995
0.0599236
0.0598476
0.0597758
0.0597044
0.0596275
0.0595556
0.0594849
0.0594158
0.0593462
0.0592778
0.0592104
0.0591434
0.0590779
0.0590129
0.0589505
0.0588848
0.0588252
0.0587668
0.058697
0.0586363
0.0585782
0.0585162
0.0584599
0.0584049
0.0583414
0.0582861
0.0582293
0.0581711
0.0581163
0.058061
0.0580079
0.0579541
0.0579006
0.0578483
0.0578009
0.0577451
0.0576936
0.0576435
0.0575958
0.0575504
0.0574946
0.0574544
0.0573983
0.0573523
0.0573071
0.0572589
0.0572125
0.0571657
0.0571246
0.0570772
0.0570327
0.0569873
0.0569446
0.0569008
0.0568639
0.0568153
0.0567751
0.0567341
0.0566913
0.0566536
0.0566138
0.0565703
0.0565302
0.0564912
0.0564529
0.0564165
0.0563782
0.0563439
0.0563001
0.0562665
0.056229
0.0561903
0.0561536
0.0561171
0.0560822
0.0560516
0.0560115
0.0559773
0.0559469
0.0559087
0.0558752
0.0558413
0.0558078
0.0557744
0.0557458
0.0557115
0.0556839
0.0556458
0.055617
0.0555824
0.0555515
0.0555235
0.0554903
0.0554602
0.0554295
0.0554006
0.05537
0.0553428
0.0553116
0.0552832
0.0552539
0.0552258
0.0551978
0.0551694
0.0551446
0.0551263
0.0550879
0.0550595
0.0550335
0.0550064
0.0549801
0.0549537
0.0549295
0.0549022
0.0548758
0.054853
0.0548244
0.0548024
0.0547852
0.0547491
0.0547243
0.0547004
0.0546773
0.054652
0.0546282
0.0546062
0.054586
0.0545572
0.0545339
0.0545131
0.0544897
0.0544669
0.0544429
0.0544203
0.054401
0.0543762
0.0543551
0.0543319
0.0543104
0.0542888
0.0542674
0.054247
0.0542253
0.0542049
0.0541836
0.054164
0.0541526
0.054122
0.0541018
0.0540822
0.054062
0.0540434
0.0540236
0.0540064
0.0539866
0.0539661
0.0539452
0.0539262
0.0539085
0.0538916
0.0538721
0.0538556
0.0538349
0.0538143
0.0538026
0.0537853
0.0537629
0.0537419
0.0537275
0.0537069
0.0536895
0.0536737
0.053655
0.0536396
0.0536201
0.0536043
0.0535875
0.0535693
0.0535563
0.0535367
0.0535198
0.0535036
0.0534885
0.0534932
0.0534673
0.0534462
0.0534364
0.0534287
0.0534109
0.0533782
0.0533634
0.0533445
0.0533291
0.053314
0.0533004
0.0532975
0.053269
0.0532602
0.0532471
0.053231
0.0532095
0.0531951
0.0531912
0.0531661
0.0531522
0.0531377
0.0531233
0.0531177
0.0530952
0.0530868
0.0530731
0.0530536
0.0530413
0.0530275
0.0530199
0.0529993
0.052986
0.0529727
0.0529595
0.0529464
0.0529359
0.0529201
0.0529109
0.0528946
0.052882
0.0528698
0.0528567
0.0528442
0.0528309
0.0528189
0.0528101
0.0527936
0.0527812
0.0527749
0.052757
0.0527449
0.0527326
0.0527217
0.0527093
0.0526974
0.0526859
0.0526746
0.0526622
0.0526514
0.0526412
0.0526273
0.0526164
0.0526185
0.0525928
0.0525852
0.0525734
0.0525606
0.0525506
0.0525372
0.052527
0.0525197
0.0525053
0.0524941
0.0524826
0.0524721
0.0524619
0.0524596
0.052442
0.0524295
0.0524191
0.0524089
0.0523993
0.0523902
0.0523778
0.0523677
0.0523628
0.0523509
0.0523425
0.0523288
0.0523186
0.0523111
0.0522972
0.0522896
0.052287
0.0522682
0.0522586
0.0522486
0.0522509
0.0522333
0.0522198
0.0522107
0.052201
0.0521914
0.0521821
0.0521732
0.0521691
0.0521547
0.052145
0.0521369
0.0521292
0.0521177
0.0521182
0.0520995
0.0520903
0.0520825
0.0520726
0.0520672
0.0520621
0.0520479
0.0520422
0.0520314
0.0520355
0.0520157
0.052003
0.0519945
0.0519862
0.0519778
0.0519699
0.0519629
0.0519656
0.051951
0.0519358
0.0519275
0.0519215
0.0519152
0.0519042
0.0518982
0.0518892
0.0518787
0.0518708
0.0518627
0.0518551
0.0518477
0.0518408
0.0518312
0.0518265
0.0518167
0.0518117
0.0518001
0.0517924
0.0517887
0.0517791
0.051772
0.0517643
0.0517555
0.0517486
0.0517404
0.0517323
0.0517248
0.0517192
0.0517122
0.0517052
0.0517014
0.05169
0.051681
0.0516779
0.0516673
0.05166
0.0516525
0.0516453
0.0516469
0.0516366
0.0516249
0.0516177
0.0516147
0.0516067
0.0515966
0.0515902
0.0515836
0.0515779
0.0515734
0.0515657
0.0515576
0.0515552
0.0515515
0.0515356
0.0515288
0.0515225
0.0515166
0.0515115
0.0515113
0.0515084
0.0514909
0.0514847
0.0514795
0.0514701
