0.43326
0.384231
0.349172
0.323885
0.305413
0.291629
0.281136
0.272852
0.266164
0.260712
0.256048
0.251987
0.248372
0.245143
0.242196
0.239479
0.236955
0.234605
0.232386
0.230298
0.228329
0.226461
0.224686
0.223001
0.221398
0.21987
0.218416
0.217032
0.215711
0.214451
0.21325
0.212102
0.211007
0.209959
0.208958
0.208
0.207084
0.206208
0.205368
0.204563
0.203792
0.203053
0.202343
0.201663
0.201009
0.200382
0.199779
0.199199
0.19864
0.198103
0.197585
0.197087
0.196606
0.196142
0.195694
0.195261
0.194843
0.194439
0.194048
0.19367
0.193304
0.192948
0.192604
0.19227
0.191946
0.191631
0.191326
0.191028
0.190739
0.190458
0.190184
0.189917
0.189657
0.189403
0.189155
0.188913
0.188677
0.188446
0.188221
0.188
0.187784
0.187572
0.187365
0.187162
0.186963
0.186767
0.186576
0.186388
0.186203
0.186022
0.185843
0.185668
0.185496
0.185327
0.185159
0.184995
0.184833
0.184674
0.184517
0.184362
0.184209
0.184058
0.18391
0.183763
0.183618
0.183476
0.183334
0.183195
0.183057
0.182921
0.182787
0.182654
0.182522
0.182393
0.182264
0.182137
0.182011
0.181887
0.181763
0.181641
0.18152
0.181401
0.181282
0.181165
0.181049
0.180934
0.18082
0.180707
0.180595
0.180484
0.180374
0.180265
0.180157
0.18005
0.179943
0.179838
0.179733
0.17963
0.179527
0.179425
0.179324
0.179223
0.179124
0.179025
0.178927
0.17883
0.178733
0.178638
0.178542
0.178448
0.178355
0.178262
0.178169
0.178078
0.177987
0.177897
0.177807
0.177718
0.17763
0.177542
0.177455
0.177369
0.177283
0.177198
0.177114
0.17703
0.176946
0.176863
0.176781
0.1767
0.176618
0.176538
0.176458
0.176378
0.176299
0.176221
0.176143
0.176066
0.175989
0.175913
0.175837
0.175762
0.175687
0.175613
0.175539
0.175466
0.175393
0.175321
0.175249
0.175178
0.175107
0.175036
0.174966
0.174897
0.174828
0.174759
0.174691
0.174624
0.174556
0.17449
0.174423
0.174357
0.174292
0.174227
0.174162
0.174098
0.174034
0.173971
0.173908
0.173846
0.173783
0.173722
0.17366
0.173599
0.173539
0.173479
0.173419
0.17336
0.173301
0.173242
0.173184
0.173126
0.173069
0.173012
0.172955
0.172899
0.172843
0.172787
0.172732
0.172677
0.172622
0.172568
0.172514
0.172461
0.172407
0.172355
0.172302
0.17225
0.172198
0.172147
0.172096
0.172045
0.171994
0.171944
0.171894
0.171845
0.171796
0.171747
0.171698
0.17165
0.171602
0.171554
0.171507
0.17146
0.171413
0.171367
0.17132
0.171274
0.171229
0.171184
0.171139
0.171094
0.17105
0.171005
0.170962
0.170918
0.170875
0.170832
0.170789
0.170747
0.170704
0.170663
0.170621
0.17058
0.170538
0.170498
0.170457
0.170417
0.170377
0.170337
0.170297
0.170258
0.170219
0.17018
0.170141
0.170103
0.170065
0.170027
0.16999
0.169952
0.169915
0.169878
0.169842
0.169805
0.169769
0.169733
0.169697
0.169662
0.169627
0.169592
0.169557
0.169522
0.169488
0.169454
0.16942
0.169386
0.169353
0.169319
0.169286
0.169253
0.169221
0.169188
0.169156
0.169124
0.169092
0.169061
0.169029
0.168998
0.168967
0.168936
0.168906
0.168875
0.168845
0.168815
0.168785
0.168755
0.168726
0.168697
0.168668
0.168639
0.16861
0.168581
0.168553
0.168525
0.168497
0.168469
0.168441
0.168414
0.168387
0.16836
0.168333
0.168306
0.168279
0.168253
0.168227
0.1682
0.168175
0.168149
0.168123
0.168098
0.168073
0.168047
0.168022
0.167998
0.167973
0.167949
0.167924
0.1679
0.167876
0.167852
0.167829
0.167805
0.167782
0.167758
0.167735
0.167712
0.16769
0.167667
0.167644
0.167622
0.1676
0.167578
0.167556
0.167534
0.167512
0.167491
0.167469
0.167448
0.167427
0.167406
0.167385
0.167364
0.167344
0.167323
0.167303
0.167283
0.167263
0.167243
0.167223
0.167203
0.167183
0.167164
0.167145
0.167126
0.167107
0.167088
0.167069
0.16705
0.167031
0.167013
0.166995
0.166976
0.166958
0.16694
0.166922
0.166905
0.166887
0.166869
0.166852
0.166835
0.166817
0.1668
0.166783
0.166766
0.16675
0.166733
0.166716
0.1667
0.166684
0.166667
0.166651
0.166635
0.166619
0.166603
0.166588
0.166572
0.166556
0.166541
0.166526
0.166511
0.166495
0.16648
0.166465
0.16645
0.166436
0.166421
0.166406
0.166392
0.166378
0.166363
0.166349
0.166335
0.166321
0.166307
0.166293
0.166279
0.166266
0.166252
0.166239
0.166225
0.166212
0.166199
0.166185
0.166172
0.166159
0.166146
0.166134
0.166121
0.166108
0.166096
0.166083
0.166071
0.166058
0.166046
0.166034
0.166022
0.16601
0.165998
0.165986
0.165974
0.165962
0.165951
0.165939
0.165928
0.165916
0.165905
0.165894
0.165882
0.165871
0.16586
0.165849
0.165838
0.165827
0.165817
0.165806
0.165795
0.165785
0.165774
0.165764
0.165753
0.165743
0.165733
0.165723
0.165713
0.165702
0.165692
0.165683
0.165673
0.165663
0.165653
