0.135662
0.0951508
0.0799324
0.0744189
0.0700495
0.0675159
0.06534
0.0646451
0.0632593
0.0616724
0.060669
0.0604102
0.0591481
0.0588236
0.0587426
0.0574692
0.0573558
0.0567149
0.0582221
0.057311
0.0555328
0.0552647
0.0550218
0.055068
0.0549772
0.0542889
0.0571624
0.0546224
0.0536939
0.0535187
0.0535215
0.0541578
0.053318
0.0535772
0.0528003
0.0527018
0.0525822
0.0526386
0.0523615
0.053041
0.0530006
0.0521528
0.0526356
0.0538012
0.0521319
0.052077
0.051833
0.0516724
0.0516733
0.0516296
0.0520411
0.0515021
0.0513591
0.0513085
0.0522309
0.0511293
0.0519131
0.0515286
0.051095
0.0512037
0.0511842
0.0510774
0.050936
0.0513284
0.0512911
0.0507708
0.0506386
0.0506048
0.0510344
0.0505695
0.0525692
0.0508067
0.0504538
0.0504168
0.0504904
0.0509592
0.0503928
0.0502977
0.0502987
0.0502816
0.0504582
0.0503817
0.0510574
0.050695
0.0504375
0.0500975
0.0503214
0.0516443
0.0500906
0.0501116
0.0507619
0.0536311
0.0503623
0.0506262
0.0558609
0.0504465
0.0508719
0.0501731
0.0508846
0.0502028
0.0502158
0.0497925
0.0497921
0.0497812
0.0500539
0.0504966
0.049971
0.0503092
0.0497519
0.0502693
0.0497239
0.0499305
0.049647
0.0497393
0.0500692
0.0496604
0.0504722
0.0514751
0.0495951
0.0498093
0.0495946
0.0505514
0.0510364
0.0495309
0.0497365
0.04951
0.0503344
0.0504497
0.0495588
0.0496006
0.0494545
0.0503466
0.0496024
0.0498811
0.0496051
0.0495211
0.0498642
0.0494701
0.049417
0.0519747
0.0496273
0.0494179
0.0496212
0.0495486
0.049365
0.0515118
0.0501103
0.0494176
0.0493942
0.0498533
0.0504521
0.0493061
0.0493136
0.050707
0.0493237
0.0493148
0.0500378
0.0507443
0.0495872
0.0500366
0.0495028
0.0492598
0.0493814
0.0496822
0.0503584
0.0494466
0.0492973
0.0492576
0.049273
0.0493985
0.0493558
0.0493217
0.0494756
0.0503096
0.0492055
0.0519403
0.0494235
0.04972
0.0491808
0.0493025
0.0492796
0.0492696
0.0500387
0.0491623
0.0491815
0.049371
0.0519494
0.0496243
0.0500548
0.0494997
0.0499304
0.0496087
0.0496501
0.0491607
0.0493547
0.0500749
0.0502467
0.0492504
0.049207
0.0492785
0.0496888
0.0496723
0.0492569
0.0491198
0.0491168
0.0494425
0.0494979
0.049095
0.0490933
0.0491921
0.0493845
0.0491634
0.0497901
0.0495705
0.0496823
0.0495268
0.0491988
0.0490895
0.0490879
0.0513482
0.0491039
0.0491465
0.0492791
0.0494932
0.0494632
0.0491211
0.0491031
0.0491589
0.0494098
0.0498392
0.0490578
0.0492316
0.049704
0.0492089
0.0490416
0.049146
0.0491555
0.0497497
0.0496695
0.0492541
0.0490351
0.0493862
0.0490469
0.0494675
0.0490634
0.0493977
0.0493626
0.0491241
0.0500703
0.0504612
0.0493403
0.0496281
0.049286
0.0490487
0.0490341
0.0496071
0.0497323
0.0490902
0.0492101
0.0490121
0.049096
0.0490139
0.0490407
0.0490309
0.0491642
0.0492215
0.0491592
0.0490118
0.0495474
0.0492145
0.0492142
0.0509722
0.0495228
0.0492148
0.0490404
0.0497355
0.0490242
0.0489987
0.0492058
0.0490036
0.0490767
0.0490614
0.0491122
0.0496566
0.0491015
0.0489885
0.0491984
0.0500344
0.0490385
0.0489967
0.0490213
0.0489983
0.04902
0.0501521
0.0490863
0.0493613
0.0489785
0.0490899
0.0490135
0.0489769
0.049042
0.0493041
0.0500486
0.0490286
0.0490022
0.0490443
0.0491346
0.0491937
0.0505565
0.0494565
0.0493827
0.0495333
0.0511606
0.0493215
0.0489694
0.0489747
0.049365
0.04911
0.0496628
0.049193
0.0494174
0.0497543
0.0500552
0.0492029
0.048961
0.0489624
0.0498797
0.048958
0.0489623
0.0489801
0.0496203
0.0493003
0.0490562
0.0489585
0.0489553
0.0489773
0.0490281
0.0492697
0.0490533
0.0510038
0.0490162
0.0495938
0.0490843
0.0489722
0.0490107
0.048955
0.0490319
0.0494282
0.0491824
0.049813
0.0494918
0.0489655
0.0490421
0.048945
0.0490838
0.048952
0.0507265
0.04896
0.0489639
0.0498078
0.0491359
0.0490202
0.0494206
0.0490193
0.0489417
0.048941
0.0489612
0.0489481
0.0490174
0.0499814
0.0489372
0.0490921
0.0491132
0.0491431
0.0492273
0.0493522
0.0489329
0.0492381
0.049034
0.0490049
0.0490117
0.0489869
0.0489335
0.0490913
0.0496396
0.0489515
0.0491502
0.0493243
0.0489279
0.0491879
0.0489415
0.0489305
0.0497427
0.049443
0.0506027
0.0490322
0.0491219
0.0489706
0.0490816
0.0494092
0.0490528
0.0495163
0.0492212
0.0490575
0.0489287
0.0490139
0.0504115
0.048929
0.0494851
0.0489334
0.0494827
0.0493349
0.0491663
0.0494983
0.0497028
0.0490821
0.0492675
0.0497161
0.0489888
0.0489826
0.0490435
0.0496624
0.0489303
0.049872
0.0490559
0.0494546
0.0489609
0.0489471
0.0489605
0.0499643
0.0491342
0.0508543
0.0491829
0.049179
0.0491742
0.0493786
0.0491676
0.0496212
0.049168
0.0494931
0.048916
0.0502481
0.0492533
0.0489679
0.0489188
0.0491288
0.0489415
0.0491652
0.0489129
0.0496227
0.0500464
0.0496888
0.0489617
0.0491898
0.0492112
0.0490214
0.0496503
0.048918
0.0497156
0.048981
0.0501045
0.0492716
0.0491501
0.0489291
0.0489316
0.0494584
0.0489266
0.0489263
0.0489064
0.0495043
0.0494368
0.04892
0.0494751
0.0489072
0.0492612
0.0492036
0.0489383
0.048909
0.0492089
0.0491948
0.0496062
0.0489077
0.0490301
0.0489717
0.0489129
0.0489089
0.0504044
0.0489342
0.0489037
0.0492374
0.0489073
0.0489972
0.0493363
0.0500983
0.0502529
0.0496793
0.0489826
0.0489104
0.0489382
0.0489059
